9161
-4820
7459
1705
9124
-1745
-6308
-6324
-7164
7356
-6407
8876
-6182
2105
-3452
77
-4199
-6072
9573
501
3197
4168
9411
-104
-7364
-2516
646
8355
941
-5042
6758
-8958
-6410
4929
-2390
6013
7438
-5031
5408
893
-1898
-4752
1196
9516
2537
-7008
-7364
8761
8446
7831
6080
4962
4877
-3310
4955
5184
-5456
-2708
7110
-8762
-3120
6444
-2967
6177
-9155
264
-4284
322
8178
-6001
9705
7166
7309
-2509
3776
9113
-8823
3937
5070
-4976
-609
-2379
4287
-8890
-2654
2683
-4327
-8873
-5634
6193
-9507
3109
8650
2595
6914
-6040
8569
3842
601
4638
-9230
5471
-8500
-3961
-4905
-4636
-2789
6149
-5995
-3235
4417
4129
5419
1225
-440
4860
-9483
-4455
578
-2385
6490
2770
6473
2204
-7560
-2558
-1153
7628
-426
4586
-8481
1195
3228
-669
-4310
-2925
-8487
2489
7977
689
-7123
645
2984
-2148
-3578
-8880
-4428
-8374
-8144
1099
116
3298
-9447
7197
-9195
-6290
3020
824
4156
4814
2254
-3511
-6508
-5251
-9587
7540
1916
8880
544
-8569
6797
2662
2117
7189
-4313
1195
2711
4636
-3233
-3493
4046
-4769
-4102
-9095
517
-642
-4949
-6714
661
-3586
-1555
4437
3479
-3660
9730
2690
-5682
-1409
8486
-9276
-5614
-3777
4545
-4057
-6208
-9524
-1983
7025
48
7027
7948
4288
2176
8521
2643
2490
1611
-8559
1212
-5992
-4227
-6854
6723
2019
2638
4942
6377
-8734
-7455
9385
-8840
539
-4806
9391
-2344
-5689
-7849
6039
-4950
-6185
-1822
-8845
-1513
-6351
-6052
8879
-6788
3376
8233
-561
-730
-2660
-9255
-6365
-648
-2485
8285
2553
-1885
2749
-8710
-1312
-9250
-1148
-5904
7952
6275
-6806
-625
3295
9834
-9865
9598
-375
-6956
-3043
8481
-3339
-8405
3935
4969
7082
8017
2291
3430
1514
553
8301
6590
-6908
-9184
-618
-5149
8913
-225
2246
218
-9521
5089
3118
6023
-7164
2042
-9318
-1409
6165
-4182
5317
-7458
-7988
-1332
552
4701
-3232
-5734
-6706
6856
1459
-9851
-753
-4255
3605
-3782
8495
-881
-9178
-949
4076
8812
4506
-1025
5819
5204
3965
-4112
-8194
4924
-9557
5627
4350
-7584
-8547
-2624
-6061
7071
-938
674
6954
-2897
7849
-6264
-7467
-6259
6237
-2113
9890
5137
-7214
-5298
2428
627
8230
6767
7750
-3299
5297
5621
6090
-8138
7325
7692
-3779
3616
4743
-9353
-3512
-5152
-3006
1215
2374
-1571
957
-9950
7738
-9595
-9132
-4052
3795
2182
-6388
9278
-3278
590
-2852
-6920
7987
-5439
6674
8312
9456
9719
7971
5842
1894
1740
-2623
8690
-4023
-8795
822
716
1173
7853
-3904
9216
1185
-2538
2870
2830
1592
-6800
3856
831
-1759
6652
-8295
-5647
1095
5230
429
-1109
-7378
-2915
-6874
-4895
9542
8372
-1614
-3585
9924
6391
2846
-273
1481
-6584
-4271
-3673
-1677
-6710
766
9324
7200
667
-4364
3833
-6044
7794
-2327
3602
-6084
-1568
8022
4995
-785
-140
-2234
-1250
5637
9000
-1313
-9685
-7726
3440
-4950
-507
-2624
-8830
9654
-6468
7701
-3488
-2839
-5832
1542
2723
-1499
-3497
8032
9223
5943
-5445
3031
8599
-4958
-9332
3713
-8197
-4254
8638
2481
-1464
7443
-7958
1646
8415
-8459
3412
-1581
-1181
-4629
80
-2489
3257
-742
-2167
-3726
8688
7384
8248
-9558
-4497
-1445
9883
-5062
7023
-1448
1934
-7718
-6923
7896
1326
-1285
9514
-413
-3021
-3095
7914
-6421
-1029
2104
-9346
1671
-37
-2753
5257
-9274
5234
9592
-7552
2284
-9640
709
-6071
2934
-5444
9911
143
-9522
8350
6022
-3532
-4703
9163
2613
847
-7551
1198
-8275
6760
2775
-5994
1524
9741
-9940
-5792
-4175
8335
8128
9218
-3248
4512
5838
-2900
5329
5568
5762
2465
6614
-4838
-5690
4687
-3747
-5245
5382
7925
5131
1973
5778
7306
9768
8334
9844
-4133
-9724
-9847
-4059
-8866
2857
-684
-7783
3123
9864
-2503
-8526
3906
1913
-7616
7618
9345
-763
7410
-7166
-4470
-6330
-7271
1490
2229
-8419
-8419
-1834
-6018
8023
7335
-6165
-8430
-7719
9468
-2908
3813
6075
4590
1431
2056
-4043
1163
3254
2528
-4242
2974
-9314
-9924
311
2200
-4037
5179
-4850
-2986
3002
9539
932
-168
7822
824
-1149
-5992
2388
9905
-2067
-2111
-1660
-3678
-2992
8251
2947
-9155
-9437
2461
-8617
4217
7666
80
-2386
2260
-8174
9595
8403
-1073
7985
-7443
-1349
-6741
-9877
139
426
2055
6897
-1870
4300
-6810
-4206
-2445
9410
8474
2715
103
-1927
-4482
9202
-367
-5394
3436
-6487
9105
-6575
-6972
9637
-2662
-7460
-8118
8742
-2129
-1163
1478
-8133
-4475
5066
-1333
2130
9398
194
-1097
-763
199
-3087
-1804
-3953
2088
-8727
-6550
3286
-9398
1516
5092
-1392
-7643
3337
6995
3308
-3027
8176
8658
-2832
-2698
9864
3205
-804
-8326
9009
-6590
-7887
5775
2945
-9504
-1099
3201
-1317
5173
-588
-761
6056
-4999
-7537
9287
-2889
-9243
3479
5238
-7910
7256
2379
-2712
-2411
-8420
4728
7166
-5861
8951
2783
6998
-5340
8444
-8655
-2325
-4351
-6274
6652
-8645
-6227
6718
-7362
-188
-8989
1169
-9106
-3625
-7222
-3077
-7450
-8342
-781
4342
-8136
-1893
-6145
3047
3466
2514
4659
-5640
3308
4214
7978
-4352
3287
-3132
-2691
1533
7622
-4189
-962
4173
-5103
2226
-1536
-1948
-9914
-1047
-4030
1845
5764
3950
-6040
-9533
-2095
-5937
2010
7495
-6310
8731
-3951
6991
3260
9449
-8742
3235
-9644
-9126
-2862
-615
4239
5121
266
-59
-9439
243
-2703
1391
-6492
7029
-6575
-3676
-8344
-4813
-2119
2032
-7769
-5194
4542
2839
-310
396
5931
8837
8703
-3534
-1642
9349
8994
-7152
-3960
3784
-9109
-8880
4464
-3357
-799
7096
-4094
7485
4830
-4800
-5611
-7545
-6594
9375
8272
-9389
-652
-8456
-1811
9170
539
-4858
59
-9594
6848
-1104
4624
5182
-9369
5217
-9187
1660
-1992
-4971
9058
-23
3962
2762
6451
-8007
-6338
-8036
-818
-255
7399
1224
6997
-1333
739
2103
-4600
-9998
-8544
-9208
-2201
-730
81
-6381
-5782
9931
7718
-4719
-3754
5445
-6332
-1499
9546
-4509
9656
581
-7505
4264
9715
-6279
5119
5345
-9352
8420
-223
-5039
8700
-756
-2827
-4312
-7491
-4602
6317
-8370
-5836
-8329
-9954
3980
9519
3163
9026
1050
8490
2501
-7863
260
-5928
4170
-5999
7417
-2061
688
-1903
-7515
4051
5686
6654
-7161
9789
-2536
-7852
-13
1553
-4267
-2437
-7804
8803
3087
-1285
-4003
7236
6741
5983
-6663
-6540
-3539
-6714
8801
-2181
4917
-4533
-160
5510
-4825
-8429
2823
-5843
-4840
3476
3453
-9767
1786
-7116
-7103
-6928
9550
-4488
4636
2181
-2189
-5313
-3338
2822
-2059
8704
4120
-5130
-2763
-6126
-8760
8587
-1948
2369
-8031
-7499
1069
-8587
-6877
8415
9872
2817
-8705
144
-4890
5227
1320
-7626
7193
6426
1187
7015
-8263
-3336
-1964
6214
3672
-9525
1104
-1621
-9588
-3027
-1423
-1343
8234
-8854
9058
-3615
9736
-6852
-1004
-2214
9204
-8492
-2756
9068
539
-6863
9140
1884
-5166
-1557
-6621
-8264
7997
4923
-6048
4116
5435
9278
-7280
773
7054
637
-7077
-6448
9559
5821
4671
9178
7116
1474
-2844
6119
-8180
6805
-4866
-9819
-7188
3601
-529
9859
494
-9508
-9693
-2270
4291
3524
-5491
3463
7149
7885
1310
-6958
-1218
-1178
-5272
-5220
-2444
2736
4068
1463
6680
-3134
-3518
6103
-5439
-4262
7356
9460
-5112
-2290
-6041
1958
3592
9602
770
1469
7616
8068
3612
-2717
772
8844
-9515
7512
9052
2208
5367
-3418
-6264
3541
-8775
330
6029
-5621
-4792
-5450
-8506
3540
6678
-1847
2899
5680
-8721
-7726
-5263
-1384
-6765
-717
-3597
-6090
3618
-2398
6910
-908
-9742
669
9590
-6832
-4730
8363
-7444
3986
-2541
-5641
4346
-7551
-3675
5227
9194
-8745
-5576
-8207
6969
-9
9311
2684
446
2192
860
-2986
3230
4857
-249
-478
7963
7398
-6403
8795
5522
-6230
-5066
-3181
-7360
-9079
-4417
7087
-9243
6922
486
-7541
-8272
7280
-8104
-9006
-4713
-6692
-2585
3090
8044
-9451
-1897
318
-9823
2972
7349
-9521
-1054
-3020
-5222
3396
-7287
-2490
3386
-9926
8586
9453
-2429
-6754
2094
8568
6155
7631
4429
-8797
6768
9674
8353
4554
2460
-2614
-868
1396
-3529
1612
8928
6151
-8616
-5987
-3160
-5324
5214
4327
-1964
5672
9592
3244
4503
786
9196
-6825
4916
3819
-2605
-6113
-4119
5036
-7860
-7578
-6324
524
2088
2896
-8190
9755
-2758
3913
-535
2701
-7378
-9585
-861
3389
9334
3649
5885
9750
1484
-4342
-3554
-9320
-7636
-6260
-1955
-5255
2410
-3146
-624
-7212
-3954
-9795
-1037
-4231
3806
4348
-7268
-7297
3885
5426
-6253
-2682
-7446
4344
5060
-2740
1343
3446
360
-8678
2217
1467
-3257
-2585
-5948
7805
-8489
6222
-8635
66
9047
6660
-1287
9869
6701
-5228
7897
-5001
9747
-7915
4764
-7
-7934
-6612
-2365
-7005
476
8645
-2855
-1820
-9038
-1339
240
9102
9736
1988
9861
-9870
-7740
927
-5464
-9553
806
-527
-9990
6451
8830
-3711
1420
-6481
3323
9834
-1603
-4418
11
5957
6122
565
-9442
5548
1163
1507
1312
-6118
-2425
-4835
1138
5253
-2472
-5268
-809
6224
-2073
3405
8609
-3217
7600
4859
-284
453
-7192
2926
-7090
1944
5003
-7620
9745
6686
1301
9889
-3648
2654
-4788
4422
6824
-8374
2852
7381
-5824
5112
-520
-3883
5030
-4739
8632
-5712
6637
4977
-3788
-674
1553
9299
-9704
5364
4994
777
-2322
-4957
-8438
2782
-1397
9978
-4032
7984
2972
-6993
8664
-5899
6733
-2424
294
7570
5870
-6210
7659
-9934
-5713
-2959
-201
6926
-3086
2927
5545
-5550
5955
5130
-7919
2802
-1678
-5354
6090
-3724
-1949
-9768
-1455
7337
-541
-2751
-6348
2018
3251
6730
4877
9339
-4843
6844
-7450
9120
-1436
6281
-4592
2375
7134
7411
3917
908
-4548
6132
6283
-187
8055
4593
8866
1763
3550
2683
-4876
3935
9709
1764
-1301
1213
-4175
1498
-837
2236
753
-1434
-2416
-9765
5300
-9567
6312
2692
-1402
-3553
391
6400
1252
1664
-3659
1283
5980
-3069
1041
-1135
-2138
-8846
823
7141
2948
9533
-1776
-3221
-2731
-2996
7015
5005
-1903
-1716
-4481
-6283
9689
2406
-1949
-9466
1251
-8044
4325
7719
-6431
-5068
446
-8523
2621
-4540
-9538
5541
-3060
7190
-5021
-1555
407
-4368
-3767
-7779
-6049
-9665
656
-709
-5986
6196
491
-8789
1283
4687
5181
-9700
-9377
-2152
-9786
432
-7161
-530
-4968
6142
9331
-5083
7688
-739
3741
-1083
8369
6496
3051
6802
8404
8125
-4118
-8519
9501
3104
-1776
-6153
5523
-2853
-4357
-7972
4117
8554
2892
-2093
-625
-5732
2448
1309
9960
5585
-169
7962
-5802
-1540
-888
-6089
-5483
4819
2829
-1816
6596
7537
4017
1749
-2636
5559
-2299
-7235
-5240
294
4870
6994
1497
9051
-9614
-8196
-3359
334
2331
-5148
3596
7095
-8809
-4825
5379
-550
3524
6491
2976
9454
-7566
1200
2680
-4830
6676
7212
-6158
9945
1950
3385
4053
5155
4384
-6747
-7122
2585
-194
-6520
-6195
-1358
-8276
7572
152
7897
-3322
-1289
-2579
-1407
-1653
-7180
-4459
7518
7089
7632
3018
1577
23
7316
-2750
3705
-3255
9919
-8685
1045
-1005
9449
-9741
-9380
-817
-2931
-1457
-852
3777
-9547
-6086
-90
9241
9762
-3118
8541
-8746
6383
-3582
9317
9684
-9240
-729
8240
7339
58
-6330
-6085
-5051
1941
-9970
-3874
2234
8290
4166
-708
-8024
-6039
2817
1955
-4974
4502
3197
-8957
-6177
2544
-5250
-5468
-417
-1766
7447
-6499
1291
-8111
4372
-3139
7984
-5459
-617
-8401
-3958
-419
4036
-3521
3396
-4763
1506
-3504
-9547
7385
-2971
2114
-1239
3249
-2316
-533
5057
3392
1476
1640
901
-62
2634
-400
4065
3222
-5939
5977
9475
6164
8001
-4406
-5400
-46
-6390
-3767
7932
8415
-5783
4124
-8525
9801
-9294
-3173
389
-4865
-9371
-5636
1479
6681
5600
7802
1952
8217
836
6216
6960
-7447
9837
9351
9381
-8885
-9348
-5010
385
5506
-6149
7889
2122
-2076
-1543
-1737
3122
-4247
1846
3035
-4252
-630
24
-5795
-566
688
-4806
6699
-9036
-7821
-9066
-6148
-9905
7028
9248
6383
3643
2695
-2368
785
-4480
1079
4810
-2868
-8310
9836
586
8599
4445
5177
-2146
4894
157
1821
-5036
-4020
-3020
-660
4093
-3172
1830
-7342
-8103
-7156
2653
-2411
1952
1259
95
9111
7925
-7937
-3846
5244
-3150
-9279
-1448
-3443
-1115
9934
6807
-3979
-1240
-6203
-3306
-2195
-4444
-9598
7545
8390
1995
6454
6842
5672
-3408
233
-3623
6473
-2206
-703
1339
-1646
-1346
8597
-8625
4075
2646
-8392
-6120
8565
9006
5134
-3953
-647
-686
3109
-5857
4367
-4856
-7774
-4556
-9161
-4431
8051
-9379
-2071
9006
2896
-9673
9271
-6165
455
5348
8912
3545
1477
-4219
3832
-4593
911
7333
-9294
-7069
1297
4762
-9404
2602
-3549
-6393
-1795
-6569
-9532
-2056
7182
4005
-6557
7801
7094
2501
-4308
-4124
-705
2216
6127
-5343
-1298
-6332
5590
7915
-4540
9167
-3953
-7762
-4251
-7406
8408
3227
4625
7259
3698
-5205
-4728
-8287
412
2053
1263
-17
1021
7163
-3227
-4879
2850
8751
9568
5911
778
-9939
-9810
-8655
-9480
-9035
-3924
-9888
816
-4908
1102
-5283
-5917
-289
274
-5642
2436
4553
9413
5291
8547
-319
1730
-4963
-2512
321
-1634
-5134
9183
-460
-1656
1367
936
-1319
-8578
-3294
-3294
4919
7647
2055
4576
5767
-1578
-8382
-1281
-8645
-2063
8585
4141
4121
-640
-2844
3811
8895
7111
8876
-4979
-9350
-3439
5713
5135
-8008
-2054
6168
7109
-9885
-4550
1385
-3574
-2374
-7842
-9337
2654
1819
8965
-4340
7930
956
7270
-7963
1221
2113
4124
-478
-6104
-8612
-8624
4378
8266
2009
-3903
9816
-4057
-2529
7191
7371
-9792
-6218
7435
-8559
-8008
-7813
4704
1148
2711
-3004
-1037
5789
7564
329
4703
3600
386
-6029
-3452
-6917
-7732
-4860
3998
6783
1608
8524
7057
-6213
1457
-3106
3857
-6804
-6721
58
2802
2291
4513
9734
4429
212
7586
-6409
-8024
9071
-4036
639
-7856
-6756
8974
4962
1444
-3598
-9920
719
-4158
6754
8470
-3738
2120
-8156
-8740
8681
-5488
-2785
5348
5091
6883
2151
9300
1658
6292
-4666
6035
7941
-4647
9432
8528
2495
1732
9946
-6634
-1239
-489
-389
770
-9427
6785
-606
-3516
9725
-2629
4459
-9659
1198
-3721
1974
-9460
735
-1493
-9643
3215
-2963
5839
-47
5867
4525
6934
7969
-8628
2736
6968
7846
9717
1520
2697
-8734
2930
-7846
919
-3831
-3877
3832
419
-9977
-9037
7347
1130
6675
-7402
-3684
5796
-6958
9349
-2313
-4880
6750
7788
-2060
8637
-9569
1081
-4724
8204
2551
6195
-344
4486
5529
-808
5192
5697
-9263
-2618
3403
-7260
-4821
3558
-7359
6571
-2284
-6499
-8060
-7357
8108
-1318
-2470
2179
-2967
3908
-1456
-7172
-9232
1661
-3100
3243
4957
-2214
-5113
380
9903
5015
1124
3214
8265
-5588
-8577
-4717
-5289
1503
-6298
-1553
3872
2574
6144
-8892
-2273
4005
2040
-8378
-3999
8127
3417
5344
7511
-2372
1505
-2645
-7620
-5292
5089
-5809
-1907
7753
5189
-4006
-4133
4103
-1851
-150
1526
-1998
-4892
-9164
-3363
-1063
9747
3502
-7371
-2048
4121
1032
-2158
2086
1557
5448
719
-7941
-6916
-7732
9853
7203
-4964
-5892
-4024
6814
9834
9900
-9715
-4849
-4958
-3888
-4979
-8417
-2886
7246
-3829
543
829
-987
-8179
6360
-2408
3574
-3718
-9027
-5504
8869
-4268
7218
-6962
3423
1816
-6624
9061
-3699
-6318
1911
-8773
8728
821
-8792
1877
-7620
8004
-7260
-1032
-3814
3642
-9694
-4045
5573
1049
2114
6499
-1188
-5255
385
-4909
-3153
160
9001
7502
9974
-6051
-5182
-3544
-9498
7884
3154
8761
-4225
-7510
-9729
-3738
-1340
7160
-6678
-5970
7850
1652
-868
595
-6844
1642
5233
2857
3539
-4964
-3464
4283
6664
-5854
7479
2808
-8903
2191
-4950
5802
-291
4745
-8657
-8334
6185
7915
-3720
-4729
-4704
-7684
8314
2586
1160
3345
3693
7423
261
-7978
8499
-42
-890
1392
3791
-8387
2691
564
-9660
-2790
-4482
-1257
-1571
-3220
-9604
-8223
2503
9404
3735
-6402
-628
5172
9144
2708
-8910
-3650
-6748
-4064
-168
-2423
790
-7206
4224
-2929
7719
4493
-8372
465
1403
5154
2656
9510
5548
-7437
-5784
352
-3975
5027
6278
1544
-5588
4176
-3740
-5487
-5352
4264
-729
-7461
1074
5356
487
5737
-4931
8814
5436
-1258
2746
-4744
1715
918
-5054
9245
5292
8743
-4982
-8117
5417
-3479
5838
-3442
7130
6254
1393
-8742
6939
9248
-8570
7322
-3437
-2841
3106
388
-1518
-7735
-217
-1315
-543
3374
-1789
-6607
2789
-5015
7797
-3415
-1829
7054
-4632
4952
9607
-2616
800
2866
-1238
3743
3359
-5959
8804
-9039
4053
-1918
5365
4363
5751
-4022
1893
-7014
-3866
9416
9045
-4537
4704
-7238
-2567
-8809
-6208
5681
2507
-1773
1388
-454
5804
7705
8224
3996
8089
4886
-3424
7712
-3600
3437
2454
743
1774
-5066
-3799
-2053
-1991
-8626
1503
-9042
-8086
6021
-4443
2929
4336
-3974
752
8112
8389
-1891
1225
2730
6403
7499
-4437
8085
-4182
-2239
4085
-6543
-9545
8898
-2979
-9243
4450
880
-6394
-6109
7364
8973
5275
-1946
9895
6353
-8167
-6675
-6019
-2624
-8117
7875
6374
-1892
6758
-9516
8406
-5743
3397
-6799
1309
-9408
9298
7495
8488
-6044
5793
-3089
3254
-9207
3290
-9225
-7428
9508
7263
-2186
-8857
-9954
3081
6988
5075
3736
-7013
-8937
129
6215
-8063
1361
4639
6069
-8837
-7761
-4407
-6994
8822
-7119
8236
8943
-6291
694
7278
-3972
-1151
-9103
9648
-5736
9144
9407
-2317
-5991
-2180
-969
8071
-9799
-6989
-1012
-2608
-2437
8065
-6152
3390
-4052
-8454
-4291
-9297
704
1832
-9364
-2688
1527
7670
-416
7749
-7373
315
-7652
728
-8776
9354
3758
-8362
3017
5104
-1033
-1566
-8883
5777
837
-7962
806
11
-7239
5933
-3772
-7682
4662
-46
-1028
-1709
-7364
-7920
467
1172
-9846
1673
9572
-1051
-337
3709
-4356
-8062
638
7334
9776
9631
-2732
8533
-5813
-2369
-581
1854
-8425
4305
2674
8991
-9039
-9299
2421
3365
-6411
6057
-1883
1097
4312
3351
-234
-7410
8522
-7252
611
-7491
-1754
-5670
3756
7552
9898
6600
-5110
-979
-1589
8751
-2679
-2815
5543
5625
4951
3295
-3166
-8562
-7223
9263
2262
-3780
3716
-2997
-2988
-6508
-3961
8349
9621
633
1035
-4850
1841
9626
-2338
1868
-8682
-7252
416
8040
6652
9931
8216
6180
4589
6683
6566
3720
-1562
8019
-4793
3116
-8995
4080
-2867
8381
9889
5535
-8544
8063
-1312
-5867
-545
4771
4168
-9771
-3682
4870
-4099
-339
-4436
-5488
-4446
1793
-8762
-794
-133
-7200
-1802
-1478
949
7050
4053
1215
6676
8537
3044
-3595
7962
-9644
-4466
4346
5243
-3802
9980
2043
-7346
-1755
-626
-5331
-1754
9943
-5612
-7914
1455
9030
-5671
6998
-2115
3685
-3988
-1648
-136
-4305
1038
-3605
3281
-6161
-3219
-4616
6278
-7852
3124
5704
1637
8628
7896
-9791
7885
4059
6636
-2906
4601
-2312
1401
2167
2839
7579
-5111
520
-9633
-8669
-6467
-5644
3673
-777
8232
9388
-9749
-2595
1984
-7945
-3480
7207
6810
-8952
-1423
-2951
3161
7885
-8721
-5803
-8983
8147
9247
-3280
1986
-6296
-5831
1406
-4621
7996
5488
6175
-1463
-9865
6648
6537
7537
5444
-5099
-4706
5149
2276
-8689
-481
-9785
-2311
9654
3719
3360
-9879
9590
-8459
1197
-9585
8410
-572
5923
-5616
3855
3758
-4117
803
-4198
-5803
-3897
3916
5030
-88
-9620
9307
4626
-940
2940
-1205
-2658
246
6929
8829
3932
5840
6023
1769
9860
-4407
5867
-8615
3610
-4260
8763
-9504
-7111
3320
-9763
6110
-4052
5741
8311
-7960
-7641
7532
-797
368
-2020
8475
-2951
-8680
558
-9741
8807
-7082
2972
-189
-3898
7952
-725
7769
-4401
-9704
1023
1893
-9757
-1923
-3908
8357
2764
3045
-4392
4363
6194
-8783
8840
-6561
-7845
-988
1074
9870
-6003
4837
-4029
-6955
5486
-7051
-4912
-6573
-2777
7103
1729
765
2568
3361
-6877
725
-2174
-3907
3021
1991
5846
-2255
-3137
-3768
-9710
-4735
200
-6963
1478
4197
5570
-6222
-3839
7273
887
9227
-3600
400
-5329
9236
6267
-3270
4436
8650
2728
-3178
-1234
-5630
1765
7448
-5892
-5814
1774
5965
9192
-6374
-5854
-11
7332
-3182
5989
5700
3208
955
63
-8306
-3064
1766
4829
-9128
-6962
-9768
-6144
-2900
-8521
2328
9609
-4760
-3860
1013
-9396
6100
5381
3723
7426
-6332
-7012
6937
7006
6144
-673
6704
7258
867
4251
-9598
-8206
-7728
-874
4869
836
1418
4892
-6947
6322
-8465
-5903
4783
-9940
-7296
8626
-6413
-525
501
6507
-2487
7674
7258
-1183
-5539
9437
1169
-3552
-2341
2434
2604
-6231
3963
6802
-5907
8093
-768
-5386
4816
-719
2271
3013
-1027
9086
7100
-6861
-3317
-5218
3782
-8134
-6334
-5197
7675
5058
5912
-7203
-3681
-8023
-3863
3997
-2196
-5653
-3111
416
5610
2748
4171
9342
8466
-9644
2292
-898
1705
-3033
-4013
-9589
-3001
-3199
-681
-823
7117
2708
5904
5971
5211
-8609
3326
5933
-3473
-7827
9701
-687
-2342
9294
9810
-5626
7361
7601
-8447
-1011
6534
-6313
-1637
-7557
-285
5170
-9078
-5271
-5496
3595
-6024
6020
-3578
-6244
7810
7486
8146
-7931
1002
-3084
-7042
4852
920
1574
2519
6008
-2852
-6895
-8189
6914
4574
4013
5719
-7109
-452
-9401
9907
4244
9488
-5047
-805
9467
1338
-7305
-157
6235
-6400
-7859
-8021
2221
4846
-5247
2216
-4399
-745
-9200
-9274
2684
-7755
4076
1371
-2900
-3708
-8327
-8607
-1229
-8046
-1464
-5932
4407
-4489
-3597
-5186
5888
-4261
-4806
-4494
-1029
-2263
-3616
-2378
7101
1588
2934
6194
9840
-7077
-7652
-575
-7608
-8719
6314
-1737
-4712
8513
-7166
4405
-7155
4942
-4035
9811
1357
-5704
-7964
6052
-5496
1441
-6144
-5176
-5093
-6635
-4638
5304
-4450
828
1359
-6274
325
261
-1722
-5567
-8992
-6770
6563
2246
-1611
-9348
4381
-6397
953
-2041
-5315
-8573
-2252
-5254
-2703
-3508
688
4885
-7577
-1154
-7791
-8431
238
7078
8641
-5342
-8029
3020
-2230
4506
5102
-1247
3603
4312
3849
-816
2252
4539
-426
6811
-2256
1412
9666
-6073
6289
3782
4398
-2650
-6656
1019
9440
7703
3338
8196
7455
2172
3317
-2366
-5810
903
599
6155
-600
8897
-7465
-2921
4200
-9736
6428
-4528
6770
4387
-3335
2442
-8288
-6014
-2612
2144
5075
-4253
-8834
-6917
1508
988
-3013
4239
-2080
2813
591
6584
-6977
4462
6796
3006
-9531
4303
-6119
1347
3451
-951
5302
-2635
-8730
7542
6597
7767
817
-4685
-8796
-6263
135
-811
-6404
8812
7127
1445
5461
4252
5904
-9403
7215
7533
6543
-309
501
3731
646
5567
5918
-1132
-6849
-777
-534
-1090
8454
-5182
-3840
8726
6484
-7357
-554
-8945
-8110
4487
6546
-3274
-5980
8413
7729
-544
3393
6027
-5010
7636
2310
858
-735
-8231
-6562
-7114
-4553
-3850
8776
536
2532
-6857
-5283
6698
-6864
-158
-1829
-6406
7024
-7133
8195
3242
7857
5901
-1704
-4527
5565
-1993
8747
4676
6666
-4958
-6706
-8772
-2711
852
-9531
-361
7241
9873
-6270
8663
-4793
8375
5681
-2142
5797
3871
-6447
8955
-8739
1225
-997
3798
-9530
-8072
-8660
-8451
3670
3246
2992
6622
-4437
-2579
-2119
413
-350
2374
7755
-1356
5836
-8817
1056
9475
-382
4502
-8746
-7395
7691
4587
-8662
-6045
2299
2463
-2878
7766
1880
-2157
-5396
2408
-2530
-4266
-256
7600
1484
-4019
2751
4509
2849
1560
8610
-9425
7352
1283
-6253
7821
-1694
5593
5461
9640
4045
7927
-7202
7552
-1268
-6223
5154
-1231
2355
457
6744
-5958
8377
1217
1136
-9923
-6153
9100
-3372
-7744
-1282
7003
173
-6856
3614
-6076
-5044
636
-6587
8769
1168
-1639
6554
9467
6694
3363
1333
2001
2611
2594
7829
6190
2770
-1841
6202
-9388
-6038
-2896
-9709
-25
4160
6132
-1429
-5750
7802
8713
-3888
-2109
-9659
4186
-5944
-9948
5187
-7991
-6159
7507
6997
-7386
7376
8086
-4032
1710
7143
4626
3381
8870
-7478
8016
7795
-6026
9150
7700
2157
-5205
2001
-6194
2387
8486
-3536
7497
-2054
8562
-1553
-8856
9142
-4779
7789
-5381
4908
7596
-5761
-6259
4576
-7360
7249
8181
-6823
6780
5295
-5113
-9937
6420
6131
-7712
3051
-2731
5207
144
5350
790
2673
-4067
-845
500
6373
7866
4029
-18
4820
3015
4902
-122
9923
-9670
-6101
-1432
9635
-7450
-3163
9132
1716
-5525
-9529
4410
16
-8069
2557
6951
-7131
-5350
7645
-8684
4381
7378
5916
-2328
6528
5992
-1397
-4833
-2547
-4486
-4188
-8376
1952
5647
-4041
2564
1889
9249
-346
-5700
4389
2729
-9255
3949
3035
2030
4526
2513
6044
9763
3932
3810
8599
8027
-3491
-2806
7827
-9093
-3233
6806
-9379
4436
4770
-6526
-3291
2051
-852
5443
8174
7545
6608
-9687
-6586
-9988
-257
-9613
-2134
-2514
-7920
2639
1760
1342
6418
6130
-6667
6339
3693
2362
6411
801
-5313
5587
-698
-1670
730
9138
8114
3829
-8823
105
7278
8235
-914
-7746
9950
-1513
3403
-3980
5344
9897
-4472
-6795
-5252
-5897
347
-4152
2903
3482
-8227
-1025
-8864
1495
1720
8226
-3511
3708
-2076
-7406
2018
-9041
8666
-2005
-7508
444
-6360
-9030
-9215
-67
1428
6194
-9097
-8200
9711
9295
-506
6115
4944
-3666
-2828
-9156
8757
-8154
7971
3904
-5908
-960
7942
-6890
-1098
-3079
-2744
4570
5467
-6087
-6337
6367
-8948
-1775
-6679
-2318
-845
3379
7195
-8442
828
5202
7219
-1171
4064
-8827
-8390
2172
-7583
2867
-3067
-6114
2981
-3003
-1685
8458
-9084
-3107
8947
553
8782
8533
969
3334
-1141
3481
-7602
-3090
-221
-774
-2935
1024
6491
-5284
165
4327
4358
-8014
9363
1021
-1579
-2569
-997
-6094
-3493
-9227
8019
8317
4037
-41
-3365
8107
4847
-3190
-5002
-7609
-9150
-4930
-9712
3425
-2635
8825
6810
320
2356
-2403
3038
9994
-7474
9768
6970
-6858
66
-6510
669
955
-5604
-4315
3246
6532
-2794
-4117
-1635
-7182
4936
-2724
8868
1229
-5581
-8196
4092
-9316
9466
-1569
-3949
7304
907
9015
2609
-8064
1594
-9050
-535
-8410
1281
3928
-3788
-1788
5506
773
-1825
-443
6123
1481
1280
-8266
-7253
-3246
-8774
707
-862
6739
1267
5137
-7572
-2870
-3433
2133
-8476
-9841
1571
521
-6221
465
1159
-5340
-6218
-9434
8263
-6674
-1306
259
5865
9601
-1824
-7855
6070
3561
-8993
6798
-3614
980
-5795
1878
7967
-9552
-2902
3832
-7733
-3998
6795
1098
-7487
6275
3757
-5165
-61
5291
-9833
7144
5305
4611
6217
-6406
8996
-8502
-5038
-7292
-3548
-7626
-5867
-6618
-7513
334
8417
6632
-1310
-3790
5702
2765
-1285
-7885
-3053
-5208
-1531
8302
9167
6260
-5248
-1535
3227
1430
1447
-9126
7445
4732
739
959
-9713
-4586
-775
9420
-2092
3048
7495
9471
-7646
8695
-9775
-3028
-5668
7830
1897
12
-310
5296
9176
-2467
7486
6627
5378
2741
-2027
1595
-1956
-829
1947
-1040
5951
-3726
-6816
4840
7927
88
-3303
-6713
-6483
1180
-1246
7574
8301
-2964
8322
-4754
-1985
5499
7103
5203
6501
3259
1662
2143
-2452
4499
-3266
-1794
7327
-3031
-74
-4975
-3416
-4172
7721
-6092
-1245
2792
-8693
-3335
8658
-6991
3029
7335
-3711
6014
-7604
5938
-5781
7576
6210
-4012
4386
-2757
3096
-4165
-2156
-3951
-1090
750
6963
6689
9163
3685
9052
9493
-5541
-8166
-6324
8380
1879
7448
-1738
-5033
7690
-9226
3048
9125
6539
-8268
-4850
-1921
-6269
3920
2590
-9589
7399
2879
4403
4628
-454
9308
-8344
8274
-475
646
-8566
8577
5832
2378
6880
4485
-3125
6900
-7991
1792
-3063
8451
8376
9711
9812
2740
7276
-9720
-4798
-890
-3332
8449
6693
6836
3016
8351
-3844
3167
-8431
9456
-6829
-2803
8517
-7733
869
6086
-989
-2909
6782
3408
1079
-9415
-1464
6431
-1914
-7070
-9910
94
-6900
3136
-1264
4743
6240
-5766
68
-9641
804
-9607
-3656
-5147
2488
8571
5402
-4436
-273
1473
-1714
2266
-5638
8266
2722
1302
800
-1718
9686
9645
3212
-9957
8262
-5539
120
4528
4695
3256
-5109
1717
3645
9035
5743
-3332
-2253
4903
-9958
8752
3935
9721
-6750
4306
8797
-5903
3708
-4548
-3345
-8926
9369
-4090
-8327
1433
-4857
-5619
-5155
1404
-2362
4305
-2055
-463
5858
-9621
1267
4288
637
519
-4336
-5152
788
-8697
5201
1224
-298
6482
-739
-7975
9429
6582
4358
-903
-2275
8499
1250
1965
8552
654
7544
-2789
7402
6784
-1385
3060
9502
-3404
4538
8035
-3792
7204
4681
-9648
3138
-9846
-4099
291
-3509
-9330
7549
1038
-7287
4478
7373
7932
-2733
6766
-2311
3066
-9434
1171
-6811
4218
9890
747
1066
-423
-7066
2655
3088
9390
-5308
-952
4807
-6067
-7090
-5319
-2333
236
-2096
-6007
-4403
7195
2936
1359
-1172
-1039
9106
4299
7025
7265
-3956
-7345
3740
6193
242
1823
4413
-1918
4892
-6808
-9102
-8341
-9016
-6841
3607
2167
2258
-359
-3
4578
-2281
-6969
4089
-2570
-9324
-9387
6395
-7126
-6233
-4856
-9614
1047
-2933
-6642
3321
7322
2444
-2788
-2299
8433
-2382
-297
9232
-8240
980
2281
-5325
-4904
-2281
-9585
6764
-870
-7063
-1776
-7044
25
1154
-2607
-661
3846
835
2783
-635
-9243
38
-4656
5273
-8380
-2827
4290
3647
6723
3691
8620
-63
1232
-6737
9399
-8175
4903
-9432
6000
-2048
-6250
-9755
3197
-6948
7864
2576
-1091
6040
-993
-7306
-9502
7172
1405
-9128
3512
2477
-6295
9831
-9798
-5683
4031
-4968
8588
-3301
7962
8098
1287
7846
6703
9109
511
-5882
2891
7909
8034
-2033
9006
-5431
-1483
7915
-1902
-1728
-4737
76
-2411
701
2357
4960
-2379
-8269
-9050
-3021
4429
2275
-7198
2237
5995
-1459
-7588
-4455
6320
-2290
-9585
-4439
-9878
-5408
9130
-5395
-5198
3256
5387
-519
-8669
5249
-6200
9033
457
-1246
-2106
8313
-144
-3040
3920
-6351
8505
3806
7749
4998
-7553
9446
-2253
-9952
9698
3811
2727
-2043
6961
-4903
-9226
9650
7102
-7474
-8726
9977
7225
-4225
5999
1096
2123
-8971
867
-1948
-618
371
-4109
-4435
7888
1819
-4012
6794
5813
8263
7406
2689
7073
-7768
8557
-1580
-2808
-2479
4950
4639
9346
7042
6671
-9542
-9751
5072
-1020
5910
-6764
-5955
8809
-501
-5564
2387
-2731
-2539
-7056
-9704
301
-3398
-5422
1206
8869
5534
368
7160
-5620
-590
355
-7618
-3128
3481
2310
1302
-2837
8516
-294
6521
2422
2100
-1270
5871
1120
7824
-2322
178
4138
4728
-9738
-9235
5554
2603
9071
-3557
6149
1956
2253
-1520
1560
278
3419
878
7435
5642
-9001
3997
-8986
3162
-8203
-9781
-3695
-3288
67
-9871
-6132
-3967
-1101
5207
3867
1044
218
3080
-3452
-5325
-2024
-2177
6251
4216
-20
3499
-4961
-6353
819
3486
5458
-1823
-8499
-747
5951
-983
-4737
3740
3943
-5054
9084
-553
-4220
8388
6999
-8708
4077
3485
-6221
-5227
2186
1291
-5613
-7977
1683
6439
2607
293
-1482
-7148
-7867
-5724
2760
-6579
-1325
7678
1529
831
4878
3481
-5086
3663
4097
-668
2800
9438
-4850
6359
5712
-4606
-6048
-8206
2200
5771
2748
-9210
-1598
-3804
3756
7348
-3535
-4948
1815
7902
93
-3547
2352
-6737
-9666
3599
-6807
8351
8464
7816
-5512
-3256
-3552
276
1800
6540
780
3465
-5164
7021
-5394
-1814
-6781
3891
-8780
6465
-8674
3718
-9724
8757
9113
602
7667
-2239
4489
-9661
-113
-8291
-4626
-6280
1434
-231
-7968
-9509
-3305
-2703
7624
-7649
-9768
4597
6004
-2509
-9043
4792
-6483
9051
1161
-61
-6649
-9440
117
4118
9891
-1852
-9400
4935
3861
-4845
-209
-4409
6492
-9923
-4321
-7184
4765
-8928
-3859
9611
641
8284
3961
-4855
-6735
7629
-1566
3054
-461
9751
-1307
2612
5905
792
4258
-3453
2521
3720
-2853
-418
-9775
-7944
9262
1976
570
1817
-878
9176
-7285
-1089
-2337
-907
1075
-8837
3331
6017
2588
-7285
6587
-2165
-7119
-7718
-6581
-5448
-9529
-917
259
5411
-7414
-1448
-7866
8540
926
-7603
6620
5816
2360
5539
-7318
773
7846
6796
498
6145
7187
1285
-8850
314
-4772
-200
7657
-8329
7401
-9468
-9107
-6136
-7979
7783
-1643
9262
4237
8828
299
4982
-5145
-5925
-4494
7104
-675
-8842
-6899
9821
-4784
-5377
-3493
5761
2885
830
-4047
5230
-2672
8859
1549
1939
-6011
55
2619
6736
6141
7456
1980
-9239
6618
7253
-9096
7331
9829
-5179
-2377
-78
-2332
3756
-8012
-2895
-1423
-621
-1476
8593
-6470
1399
-4189
-256
8072
5866
-2816
-6402
4237
-6126
1832
-1677
-1940
3296
1400
-1132
975
7597
-6643
6935
9712
-8315
-1245
-1678
1700
7568
-4800
-8269
4605
-3281
-6918
-2593
6967
-5607
-7980
-595
1782
5443
-3097
1204
1022
2851
5685
6584
3076
-670
9376
-9288
3000
1085
-9148
-9487
-1044
-2038
-4073
-7406
-3920
650
-460
-1306
-7851
2384
8099
4779
4373
-3314
-5651
4239
7198
-8358
8071
-3784
-8228
1901
7376
8278
2423
9438
-9194
-1527
-7516
9725
-7657
-4689
-4514
1501
-8088
9737
1625
-7326
-3181
4515
-1407
-4974
6391
-5706
7682
4850
-1258
2070
2702
4120
-8306
-5139
-1126
-7378
3487
-5032
9274
8474
-1578
3161
-4849
2779
-6771
9236
-1307
6613
-2402
3877
6487
-8898
-2561
-2486
3860
3363
564
2642
-2576
-8450
-2528
39
-391
-133
-9042
5122
2142
-2987
4954
-2077
-2006
-9871
-7981
5713
-6788
9415
-9358
-2349
-5495
-848
-5721
397
-7577
-6916
2612
2442
5847
-7294
7062
1779
1705
4623
-725
-6666
-580
3025
3785
-2661
4172
2156
6498
-8064
-1377
-4970
714
8096
-571
-2809
-4733
-9643
-660
-8264
433
-9981
7393
-5563
-6546
541
-7322
-5930
-367
9231
-7966
-3408
8479
5406
2342
-8392
-4860
6399
-1391
-284
2333
4964
2906
-660
-5389
6387
6897
-5308
-3883
-279
-7322
432
1628
3412
-5669
2188
5735
-7405
-2441
5434
7454
2196
-7684
2713
-5384
5753
282
-9246
-6643
3148
-3228
-3104
5087
-2798
-7509
-6912
1698
6527
8858
7866
-7495
6041
3345
-3765
6295
2862
6260
5528
-5640
-3009
1698
-2419
-8682
5
-7842
-670
-5318
-5828
-7867
-4407
-3916
9513
6038
6641
-9367
-2493
-4002
7232
-3436
426
5705
-4885
8584
3223
2815
3912
-7216
-1930
329
9564
2462
-4534
9518
-4051
-6567
-7174
-2406
-8834
-399
8555
6973
8271
-1055
-5371
-2517
-1803
-339
-989
6333
7254
-9565
-7464
-8705
5093
935
425
1845
605
-6350
1914
7377
7394
6541
-3056
-8036
3985
-8901
-3731
656
-797
2107
-3000
6879
-199
3547
4159
1498
691
2286
2640
8259
-1985
8840
536
1818
-5826
7298
-1887
-203
-713
6985
-8598
6757
6911
-5366
8176
-5793
-631
6948
4601
-1039
-2360
8722
-4884
4214
8799
-8159
2588
1278
9697
-2636
9808
9071
-7064
9967
-1515
7141
-1719
-8874
-937
-9435
-9525
5815
9381
7303
-2518
7384
-4325
-2795
5224
159
-6563
-7206
-3681
-2592
-2709
-6322
-1764
-5643
1943
-4821
9038
-3890
2765
-5551
-495
-2132
-5671
4773
-2529
7373
-6732
6714
-4250
7372
-3921
4382
-5530
-8525
-8432
-1429
-9223
749
-6097
-8365
3715
4681
9078
-7404
4183
3406
-5264
-3495
6004
-2974
9590
-6666
-8654
-9835
3198
6829
6495
5379
-1338
7143
-491
-1733
-6866
5211
9666
-6500
-42
8704
2639
-7502
-8126
-6368
-5110
-291
-4408
9772
8485
3157
-3444
8198
2575
4437
6677
9435
-4545
4710
-8268
-7768
1608
9260
8524
837
5881
9873
745
-3967
4059
-7957
-4951
7306
-9908
8271
2404
811
-4031
136
-5183
9191
-1911
5863
-8869
3730
-5026
-6184
946
3711
-1173
-9648
6471
-6687
-4567
5641
6884
9449
-1719
2168
610
4199
877
2575
-5232
7978
2843
-2156
-1851
5963
-7584
620
3850
1543
6548
-8376
9718
7903
-8208
6131
-9472
-5102
4352
-5187
-4861
549
8302
-8180
-4664
-9949
-3841
2974
6742
-5669
9058
-8154
2009
8818
-175
9293
934
46
-4096
-1648
-5141
8851
-8112
4960
5128
-6083
5622
-2567
783
-7838
-5394
377
-3687
6213
-6745
-2797
-4694
-2611
-2150
3164
-1750
-760
5123
-4723
-6846
6263
6390
2
-4309
-9353
-4939
-3181
-1104
-5729
9557
-1058
-2911
7724
-9183
5952
-3933
8076
-2236
3223
-4232
-428
-4645
-5090
-3264
-3852
-1857
-6508
5529
6164
-7181
-1791
-6072
-141
8290
433
6512
604
-9592
7770
-7201
-9527
3092
5379
7559
3381
-3343
-9529
1313
-7972
-2677
8277
-1606
-26
5491
-3868
-9729
252
7408
-7302
-6633
-2472
-4001
-2100
9937
-8847
-950
7291
740
5591
-5350
3415
7020
-158
-9326
63
-2814
-7025
-3576
-3033
-7203
-5990
9772
9301
-5282
-3346
-7967
864
-8395
6464
4242
4172
-2761
-984
5353
9806
7862
2626
-3278
6588
8577
7849
-7788
-1023
-234
1392
2709
-3183
9520
7564
1914
3778
-1023
-7419
1611
-548
-5031
-6078
6687
1921
5480
7489
-3429
2743
-6215
5441
-7792
-907
8595
8819
3907
7461
-4919
5640
6285
-5198
-8963
340
-6188
-4682
2649
-2616
-1574
2329
-1963
4201
4194
8981
1319
7801
6451
8139
4338
-3252
7048
-2492
7318
-6839
893
2950
-9307
-28
-9493
-8998
-4455
-8186
-2298
4349
-2701
-392
-2218
9568
-138
7757
-3706
6940
-8621
3604
-5543
804
5665
9733
3322
-4965
-1243
-2831
1698
-802
2103
755
529
-6095
-3794
-1014
6351
3078
-9834
7929
1982
9321
9641
-2008
6538
-6636
-2086
481
1990
8068
-29
-6020
9177
5071
8462
8195
5241
7272
-8339
9401
-3146
392
-6266
-8102
-4811
3412
-8210
-1112
4
-1161
3243
4298
-6381
-3554
2594
-3634
4935
2580
-7353
-3915
-3053
4878
3076
-7706
484
-5969
-4334
1179
-2639
-5832
1736
8126
-5400
-6627
2530
1136
9817
6907
6927
5213
-4794
-2061
8206
-6374
-9297
-9867
-9817
-5733
8790
9828
2221
8274
-704
5697
-241
-5301
4991
-7231
5955
6158
7431
-8503
5566
-9558
-3651
290
-8571
-4327
-3635
-6950
-9063
-2330
-685
8960
528
5341
7222
-6449
-3763
-8849
2717
8660
-2792
8674
-8788
-6480
1117
-9767
-3815
4196
3949
-2470
2965
3554
9115
-1806
8632
681
9259
-3121
-9434
7580
-3866
-5550
-5271
2628
8624
443
4258
3039
-5888
-5401
4827
-748
-4758
3086
-7929
1203
63
8165
-3221
1181
-2508
3694
-7336
-6130
240
-8902
-1825
6630
2783
-2
7506
-4657
1003
8772
-4707
-1978
-6255
9505
-6287
6033
7899
-2007
220
-893
-7148
-8430
-6318
-1214
-697
5100
6565
5447
-7318
9056
-988
-7950
-6228
8376
7332
2694
-6017
-6170
-4006
7771
1300
6601
8506
4304
2245
-6593
8495
6027
2804
338
4811
-6816
-7609
441
-6738
4411
-3700
-3484
-434
-8900
8680
4336
7323
-909
5511
-9263
-4884
-9361
8287
6255
-8509
-3886
-7330
7725
4805
-5370
-9611
1482
-1215
4659
-4230
3447
7070
4978
-7367
7344
-6455
6525
7658
-3013
-1488
7657
3684
880
444
-1680
4765
6875
-1591
9731
9904
8825
5557
5351
-3037
-3417
-5774
-8828
4907
341
-4391
5258
9109
7151
6088
-291
2980
1215
-6233
3490
-7754
-8542
2621
-8941
-5506
5120
4763
1498
4938
-4961
-9523
3304
8494
-9643
1662
2879
889
-4254
7125
9958
-7402
-5499
-7328
3811
5214
-8779
-4251
7693
-7986
-5552
334
-8845
-9359
-5780
-6795
6721
-3029
-2908
-624
-3751
-2973
6205
-8042
-9435
-8956
3145
9212
6692
-2652
7328
-6291
-3059
7200
-3516
-1192
-5619
7383
3124
5306
8716
-5369
4790
-4335
850
-7288
6792
-7085
2672
6802
9498
2293
-9415
-2131
-2489
-9919
-1599
1561
-2390
-5317
-1842
38
-6941
-1630
7357
-7488
4358
5056
-5434
-5503
-9533
3811
2136
-1712
-7815
-3225
2798
2408
-6777
-8927
-4491
5914
9984
4782
4364
7905
-5028
7030
6684
1016
-7929
-3166
-9441
816
-8673
-4861
-6868
2659
-9271
-2785
6243
-4891
-8723
9537
-8367
6261
-3427
-3794
-9577
1091
3716
6407
-3230
5975
4471
-1625
-6185
6390
-8099
7463
1830
-3360
-5107
9184
6702
-3227
-4846
-4270
-3666
-6163
-3744
1231
7196
-9161
-4043
2765
2601
1555
2697
8969
-6401
3284
-8677
-4508
-9827
6872
8538
5401
-8358
-2221
-8885
-3664
-3971
5477
-1036
-6572
1000
-8972
-374
4966
-8279
166
-8555
-9360
9237
-6301
-1592
-4575
2837
-7159
9986
-6722
8362
-6035
5210
-8688
-6121
1655
544
7125
-9208
720
8335
2403
-1684
-6869
-5151
-8117
5273
-4277
2767
-4319
8717
2111
8884
7064
-1268
2544
8875
1597
2418
4313
8691
-5173
8661
4327
614
-2888
6522
2462
1946
5052
-6209
-5308
-9881
6998
-2006
-6839
6308
-1397
-4533
-9085
-411
-7204
9624
-5837
-8043
2828
8634
-6409
5810
9142
3182
495
-9546
-892
-1618
-2375
9663
-9156
-6935
3616
2682
-803
-7936
-545
8914
-4053
-7989
-6935
6189
-8096
239
-7291
5376
766
79
-5867
-4674
3977
8313
6919
2
9317
-1262
3586
-6901
-7910
5033
5603
7787
6468
8710
7869
9074
-4998
8693
3248
9178
2319
-9179
5812
3465
-6492
-7585
-3111
-4446
5406
7553
8305
-9560
8964
-7311
7772
-7420
1175
-7491
-9762
4926
9286
3709
-2613
-7059
4502
-97
8919
-1092
7689
9140
-8970
2524
-2839
-3116
-6463
-8300
-2615
943
-1688
-7943
-6174
-7220
-511
5213
-7291
6780
-9437
2607
-55
5258
3001
-4844
7301
4976
-1510
8941
2915
-4115
1774
6469
4705
4538
-3917
-1542
9132
-5307
319
7870
8525
3586
8052
4818
1952
-8790
-1701
805
-4904
7608
9566
-5660
-6843
-6939
2497
867
-8523
-7002
2266
4879
-3104
5573
9062
1957
7168
8084
-5436
-923
3624
-4071
-8819
-4509
7363
-3488
6016
-628
-7313
412
7421
7382
-4606
2652
3660
-2237
3826
-857
7814
-6952
-8260
-7089
1728
7323
-5099
-8609
-7885
489
7236
2229
589
-1133
-8005
1138
-3921
-8393
507
7032
1949
-3678
1417
9157
-3839
-998
1982
8643
-1957
-8988
7398
-7083
-8810
-5306
549
3613
-3248
1567
4629
3159
-7630
-8059
9171
-8633
8679
-6493
-1711
-625
8744
-69
138
-9489
8978
406
2550
-8301
-7574
-4836
-8197
2557
7836
-6193
-245
7752
3084
9349
-890
-2347
-6066
3851
-3663
-5275
9734
1665
3688
5474
7137
-2025
-7580
9440
-2922
-2063
-7753
1791
-652
9525
-6663
-5337
6991
1104
1313
-6483
6690
9215
-1219
-8277
1891
-3629
-2670
8595
6218
-4150
-3990
6555
-6392
1301
9832
5666
-4628
4368
-6069
-3052
-3375
2409
-9371
-6187
-4142
-6028
-8621
-6659
431
-2399
1300
-5960
1146
9227
-9554
9394
9803
-6030
4360
1441
-9039
6006
2795
3339
-3876
356
-1671
8723
-9465
7891
6960
-2705
4060
-4506
8844
-2629
-3898
761
-9523
-8554
-5460
-5567
3002
10
-3133
542
8023
-7955
1663
1731
-6649
277
-8335
8112
9971
-1863
-1623
-777
-4439
9356
-7115
-9376
1861
5023
-4800
-3401
-8349
-6946
-5093
-3528
7836
9580
7055
-4480
8790
5618
747
6648
2758
7322
-4315
-3569
-3255
3754
4103
1642
-2005
6966
-5780
5448
4060
-3868
3060
-30
-2335
4502
-7528
7533
-8553
7729
-1049
7776
5360
9139
-905
6145
-5447
-8051
4242
251
6886
1281
3762
-8798
-6884
-1008
-1927
-8598
9907
-9421
4944
8231
-6767
-6759
-231
9118
-4772
245
4915
3298
6361
-8936
7559
-3121
8618
9909
6309
4265
-6380
4290
3727
7730
8755
-1614
3105
2658
4673
1190
3442
-7662
-4612
-4567
-3389
-9974
-4781
9567
-9883
2033
-265
6630
6105
5186
188
1911
6841
-1650
-4484
129
-4602
8545
7750
3761
7542
7804
-8730
-7833
-7015
6035
-715
-7223
3961
8170
-7493
-4222
-9324
-1696
3623
1730
-1830
5782
-9146
5358
9595
7120
-8439
-904
4524
5967
1948
7818
-4122
-7052
4269
9923
6066
-5406
5537
8290
-449
1773
8950
5294
-6306
475
7428
9213
5433
-209
-349
-7278
-7528
-3605
763
-5038
-7197
513
6555
1569
7591
-507
-5030
-5229
-6113
2236
-3033
7123
593
-9760
-7248
9234
-9747
9344
6199
5646
3440
7667
-9680
-8470
-7985
-8705
-4401
509
-1907
-4333
-9739
4472
-8710
-8410
9256
-9833
3976
-3797
7319
-403
-5351
7840
2897
9480
-4239
-6398
-4531
-8487
-1891
1080
3144
-8375
5233
-3343
-7233
-6439
-4188
-4100
2718
-8267
-1037
-4511
6479
8051
5266
4991
8997
-143
-2395
-7964
-8016
-3038
9782
7521
3771
5147
2710
-7665
8049
3800
6736
-7257
2984
1637
-3927
7021
-4068
5568
9937
-5780
1305
5919
-2202
1167
-3018
8935
5320
3600
8915
-4120
4695
-1731
-8842
-2736
-462
2797
-9914
-6408
-2830
3313
-8133
820
863
-8168
-6268
-4924
-4696
3303
1601
-1286
-6161
778
-9039
837
3244
-7931
-2209
-5361
5151
5967
-4022
7601
-3855
-6600
-2784
-3117
-2403
-7605
9546
-2753
8968
-5830
9108
-6387
8552
-9314
9438
-520
-5793
2987
-3680
5324
-3503
8006
3707
-7033
4266
3184
3659
6064
-4549
-1041
-7904
-1372
4464
-3544
-8885
-8035
-6000
-2209
-7962
-7871
7361
5380
5648
3304
8104
2001
2313
1569
278
8574
-7843
9441
-7454
-4320
-7497
6812
1094
-518
3910
9049
-8222
-9437
336
7962
-2787
-9207
7153
5083
-1227
2905
4549
-4809
-7607
9195
-8678
9823
6044
-649
-7295
3663
8552
4535
-4431
-4285
4889
2842
5088
2750
4912
6465
-410
-543
-4069
-4877
8460
-4136
6154
1047
-9809
-1322
-6030
8617
-428
-776
6659
-6001
5972
8052
-6668
7681
5858
1427
3971
7825
1920
8161
3462
-5947
-4770
-7294
5530
9239
8450
-5378
-9494
-7306
3146
-1503
-9584
-748
-1492
7859
-6354
2457
9449
-2699
3634
-1318
8487
-4655
-3004
2008
-1385
5860
8170
2210
-1140
6687
-8105
6017
5240
-5621
-3859
-266
7836
-3829
7818
2217
-2587
5348
7180
8006
-7225
3258
-9503
-1231
-7937
6812
-4460
9733
-527
-1672
8335
-351
983
6123
9686
8920
7802
-4966
-7363
-6416
2971
8339
-8214
-8544
3541
-1856
5107
8389
9782
1545
-9940
113
-1039
-7185
4739
6033
-8281
-1111
-2033
-883
4080
-5028
-2701
-3917
153
-9069
-6746
1574
1576
4306
-4669
-6276
7790
9139
-6217
8183
3561
8286
6122
149
-248
-9283
-8831
9512
-3554
-8697
1133
-4439
-3965
-8716
8048
1543
-6963
-3649
44
-7832
9472
1957
-4333
-3249
3565
-5756
-9876
-1204
-4406
9095
-5235
-4500
9211
864
352
-7250
6018
164
7932
7526
1383
3216
-4478
6717
-2493
716
3858
2030
-4929
2750
1648
8600
3979
6847
-3059
-5339
8452
7792
-8320
5606
9424
7776
-1050
4290
3392
991
-5934
-8029
-139
-5583
1812
4962
2509
2498
-8600
451
-4313
1903
4354
7246
4707
-2891
-4256
502
4864
3393
592
-1207
3134
-9733
-9928
1272
-1800
3378
-6401
1478
-3256
-7106
-9826
-4717
-6187
-4670
-8659
-2716
-7664
2253
9205
7587
7154
5993
642
488
2288
-94
1478
-5053
3117
7537
8534
-2047
-1270
998
74
-1051
6857
3926
5582
-778
1928
1322
8592
6545
4080
-6557
-1243
5505
45
-4697
2666
426
5314
4959
6379
-2791
3587
9711
1888
8828
-6094
8844
-5596
7302
-1236
9770
-5622
3947
1459
-2899
-5467
-6286
-8306
1102
-9236
9254
8771
6522
-4803
7875
-6254
979
7790
4990
2306
-9814
3036
-2324
6116
6264
5520
3867
3526
-268
9776
-1276
-3120
9809
3196
-139
6924
-3687
4726
9088
8329
9557
2157
3198
2966
7005
8649
7937
3636
8842
8519
5444
3766
3045
-1891
5203
-3730
3457
8529
-1676
2929
-9873
502
982
-3056
-2961
7823
-8865
1099
-7572
-5811
-7890
7035
4883
5766
-3723
-8653
-632
9329
-2808
-9853
-8245
2120
-9309
-2839
2168
893
-5512
-8275
3412
7556
7222
-8859
-7870
-4811
-1255
8258
-4991
5401
-4471
2033
5094
1418
-7963
-402
-7215
8055
-1859
7799
-5372
-2717
-4459
2780
971
-3045
-5528
-1413
7512
8995
8042
1017
-2320
-1152
7771
1551
2764
-2243
4990
4606
-6578
-9445
5078
-1112
-9745
7613
3737
-5644
4000
386
4667
7954
8763
-1959
-8322
7428
7534
3268
-8508
-5684
9166
5828
-2202
-3906
4303
-9499
2921
1898
-3020
3587
9194
19
3648
-264
1465
-84
2673
-2401
9772
-3774
1414
4832
7861
-7445
-4600
1140
-9736
-6551
-4281
2350
2449
950
-9669
-9415
-6561
-8292
-960
-647
9078
151
-9855
-5224
7715
-7022
4330
6500
8190
4495
2726
4610
6294
-6419
1139
6957
-7687
8983
-4083
6915
5004
-5497
6144
-3657
-7216
-4133
1882
5274
-3964
9965
-270
-151
3337
-7465
9155
-6840
5127
2746
-9167
4299
-7809
8401
-6475
1464
9257
-8247
855
-2173
-8894
6195
-341
8766
7280
-7683
-4768
4482
-961
1213
5543
2110
-8618
9244
-9814
-7619
7730
7397
16
-4590
1737
3438
4268
-5363
-8231
855
-1151
-7526
8508
-4045
-6846
1987
-6657
-8225
-921
-3340
-8569
743
1964
-622
-5007
8150
-7647
-4456
-1202
-5839
-8153
4217
-7710
1860
-5445
-5869
2364
-194
4755
766
-6579
1431
-7046
4079
5742
9973
-8102
-2668
-3417
7283
89
-9451
-2380
-2263
-8669
-5005
363
-2813
6445
-8354
810
-921
-2452
-560
3255
-9783
-9197
2093
-7009
9409
-8383
-4234
2173
8323
9059
3620
-5452
-8305
-1377
4684
4062
1140
-4237
8380
5255
3650
-4809
8969
1011
7287
8194
-5708
-1699
-9662
-2629
-3465
5500
4565
3925
-3029
331
-5419
-6847
6873
3190
-6807
4017
2557
6333
-9116
-9367
-6474
-1281
5994
8032
2627
-4823
-3951
-141
-3869
-9099
-3938
5710
4675
9796
-1266
5637
6798
2473
7949
-7852
4553
-8728
8119
-6682
3369
5089
-6649
-4196
4265
6166
3812
-5475
7526
4105
-9086
-6110
-1102
-4682
4038
-4048
-6700
-5373
7067
-6776
5255
410
-2222
3143
9405
7932
-5256
3032
8525
-2675
-4103
1600
-1992
816
70
-8212
-2697
-5956
-2702
4695
-9138
345
2359
3910
-3121
4922
-6838
3785
-4298
-8939
8532
6798
1353
5700
-8327
-4895
-1258
8780
8119
4729
-9347
3632
9090
-3463
-7637
9505
174
3596
-809
-7103
8912
-647
-1129
-404
-8356
-7666
-1386
-2854
-109
2589
-8211
9621
3844
-175
3851
2966
-2462
-9691
6886
-8363
7670
7836
-5373
-7691
-4177
-2385
-5245
7394
5310
-5712
8946
7697
-2806
5565
2635
4957
-7863
-5089
-4349
3691
-1703
844
-5881
-1592
2879
8491
-3002
9650
-2771
2401
842
1979
-7143
7552
-5049
-8579
390
3938
8414
-4397
7232
-8683
7118
1577
5121
9180
6624
-2534
-4770
5668
4873
61
1048
-7668
-6245
-9377
-461
-9251
-7834
1131
6865
-6307
-7937
-9292
-5199
8500
-5322
1353
7935
1089
4884
-9283
-3450
5040
7149
82
-414
715
7610
2521
-9758
-7721
2781
-7376
3743
5788
1019
8195
-5665
6551
-6589
1651
-8107
5132
-2107
-3790
-497
-66
-979
501
-4814
8169
-3850
2328
-5507
4558
-5607
4242
-7270
5227
-9787
7564
43
-4724
-8569
-4725
4960
-1221
7087
5223
-7740
1995
6429
442
1029
-1989
2631
4786
9262
7492
1916
-8314
-9747
7285
6958
-9981
696
8551
-2503
-7614
5926
20
-6723
-9323
-2932
-4441
-3811
4735
257
-5356
8117
-2596
-6189
-4643
-8706
-2284
-7337
1422
-1785
9438
-3526
8316
-4984
1094
-2544
814
-4944
-4787
5337
-4236
-9973
4611
-4318
-635
2888
-4517
-2508
-2075
-2201
-5624
-2859
9576
-4911
-6399
-634
2553
6481
-392
-6559
-9364
-205
1726
-3020
5103
3053
5091
3030
-6168
-2849
5329
8190
5649
-3743
7853
2126
-6192
-7351
292
-5988
4300
-1534
3357
2192
-6463
-9329
-1431
2708
3357
480
2060
7249
3608
-1880
7549
9103
-4938
-771
-491
-9544
-3154
-2186
-3308
1281
-1010
8602
-5539
8136
8184
-3396
5424
-3289
-7138
9333
2045
1659
7813
2081
-8227
7679
-4058
-9730
9889
496
3776
4648
-3966
-5060
-4578
3077
-4664
-7655
5963
5209
6268
3652
8150
7833
-6546
-8675
-7060
-8441
-1464
-6198
9853
7747
6240
-6210
-8184
-7608
5328
6781
-9895
-1271
-9212
4818
-8920
9129
5893
-4985
3181
7330
-9069
7071
-2534
908
9222
-3038
3690
-2603
-9725
-7833
2416
-5909
6059
-1956
5655
5733
-6078
-7611
9335
-8327
-6161
-3451
-6029
9624
-7218
-9406
-1453
-9515
3824
6222
-3449
-3032
-4395
5401
-7451
-2070
7217
9702
-2384
4035
-6837
-1706
5764
3212
7777
3907
-7952
3833
-9095
-5860
4573
-3867
-4338
1972
2609
-5849
-6614
-7212
-5436
4508
-3126
-7939
-644
-3503
-6890
-8919
-9902
-3451
5514
6380
-95
626
3022
-5414
6628
5283
-4215
-5861
8668
-5243
-4785
994
8844
-2395
936
-7996
-1325
-5890
-8378
1729
-61
7832
-678
2145
8302
-9745
5893
4115
-4764
-4005
7523
-1683
-9647
-6092
-8041
5966
6829
-7928
-7968
5563
-8753
-8710
1162
-6596
-2888
6528
7363
8567
-8335
-7346
919
8180
-5259
1158
8193
-1946
4352
-9733
4472
211
-140
-5783
1467
-8073
-5201
-4661
-6549
1905
-180
1836
1927
-3186
1002
1182
5922
4839
-3938
-814
-3735
-5881
-5057
7100
-3250
224
-1453
7212
-7115
-8821
2819
-2489
-2854
9048
4352
-918
-7937
-7087
4201
-1406
4904
6775
-1205
-3426
-3230
720
-1980
-7227
-153
2859
6340
4242
8393
3487
3984
4218
-2943
-1013
1008
8765
7844
7675
-9166
521
6254
1776
7106
-6088
-4351
-9160
576
4902
-4042
8979
6805
-974
-4376
-8259
7777
9682
-4844
8260
-1681
1005
6734
6358
8714
6838
6858
6190
3532
-1858
4542
-7984
-485
9271
-4417
-3036
7220
-3465
4394
4108
8297
8380
7377
7857
-1607
-9073
7762
-1398
5100
808
4911
-2423
9458
1440
1050
-5554
-513
-1658
-6588
-5076
5108
-4942
-8428
976
-3478
9481
810
-1475
7552
3089
3441
-5025
3086
8331
-1935
8495
3246
-5367
-6279
-4867
-5656
7309
-8493
1445
7205
-8889
9838
9824
4861
6929
-1683
1942
9157
7517
-3589
-3247
-3546
5873
6890
-8733
7230
2975
-9329
1274
3057
-5673
-9768
-1560
-6221
1346
-3976
6285
7375
8195
7668
-77
-7216
6045
7106
206
3995
5345
4118
1875
8151
-3407
8227
-5762
-1182
4820
-7972
-4325
3382
1069
-5221
3474
-995
-9379
9654
981
-4593
5652
-3476
9551
4086
9458
2504
8773
8047
-3418
-5527
-355
4628
8272
4966
-5071
8706
6115
-8816
3633
-1877
4631
-7268
-8485
9995
1531
-1159
-2888
8862
-228
7976
-9926
-3589
-3550
-1193
-2491
5023
-4155
-8523
-6404
-4891
2945
8343
-5038
5348
5145
8668
-5308
4522
5297
8431
5614
2470
-758
5255
-4884
8410
-2268
9281
-4523
842
141
-9697
5907
-1034
-5438
3077
8463
4442
-9419
2320
664
-7005
5925
1302
-2952
-1490
-3222
-2354
1324
-9957
7099
1822
-5819
-1548
-7504
2329
3303
8905
-1695
-3230
-3920
-5662
4541
-2141
3491
-1147
-7131
-8659
5009
-8324
1193
3042
-5645
846
100
-284
4473
1212
-9019
999
-2202
7862
496
-9633
9406
575
4082
-3341
1072
-1031
-7303
8255
-9960
-7245
2145
2978
2827
-9173
-7801
5600
-1254
-338
7312
9147
-139
-414
-838
-4218
6544
-505
6414
2623
6538
-5010
8476
-3881
1129
6664
8647
917
-9613
-671
388
292
-1078
-4663
6130
-4921
-269
2776
8930
4077
-4519
-598
4201
6106
-223
3953
5478
4072
1747
-7823
3724
6953
-4154
4774
-3592
431
-8727
3099
-7520
7905
1590
3287
-6836
-6454
-4637
3048
2283
6179
-1440
-2520
-3214
6232
-5880
7456
-9216
4333
-8641
4934
602
-1877
-1017
-5128
-5145
9377
3392
-6850
5438
-2736
-190
-496
4241
5396
-5945
4276
1690
9967
5368
8170
-2755
-5764
-5675
2602
8104
7760
5808
9594
-7929
-3997
-1018
-5941
1229
-5250
-2442
3330
-943
9906
-8879
-7252
9972
-5648
-9785
375
8514
-7367
-5079
-4829
-4917
-8727
-8977
1684
5453
-3881
838
5426
-5997
-4527
-2982
212
64
-4168
-5907
472
3990
3588
-1573
-2090
-4069
8587
-1245
-3919
-249
4544
8955
-9748
9098
1501
-3790
-7170
-4901
-8054
-4412
-7346
875
9429
-990
-7685
5935
4817
838
4509
9009
-5838
5416
3371
2485
5732
835
-1415
-7838
-22
2596
9015
-8948
-7520
-2956
3068
-1236
8344
-3168
9412
-2807
7432
4442
-353
9322
8820
-8400
7928
9905
5177
-6987
6283
-5695
-2202
-1954
9084
5796
-9894
-6850
-1455
7128
7500
4528
8794
2830
-9299
-3130
831
3800
-6626
-381
2625
5282
-2959
6713
-3939
-6391
-2243
6943
8954
4861
-838
5920
9467
1036
4976
8906
2927
-3904
8358
6890
3462
-3219
5429
1404
-756
-2854
-9119
-6000
7177
1284
-3616
-8641
-4751
-7983
-7424
-2935
-9875
-2178
8909
-5439
-8307
-7492
-3593
-2529
3085
5469
-8646
-8734
7949
-4648
1169
6526
-7655
1737
6175
-4972
-622
-5114
-305
3133
2634
-3534
326
2672
7274
-6332
-4182
1517
9784
9725
-9870
2230
-6132
-5626
6315
1822
1350
-7402
-4359
-9545
3739
-5374
-9611
-9919
-2696
-2282
698
-5525
8118
-3288
2522
7211
7058
4092
6615
-5671
9695
-1385
1814
-2027
2348
-9733
-5674
7642
8827
-1296
4433
7892
-5950
6155
-5677
1254
7284
9632
-9435
-9076
1720
-4609
5285
-6590
-6677
2336
-8213
606
-4250
7776
-9563
9446
2608
9916
4725
7449
-4559
-5284
-1762
-4835
123
-6711
569
8796
-534
2223
3452
8222
5636
540
5614
566
31
-739
-8003
9774
53
5455
74
-7100
6206
-7018
3907
2670
7113
-4798
358
3276
-4401
-6016
-357
4111
6004
2060
4365
7224
8115
7420
-5207
-9812
-6510
6483
-9850
-1601
4913
-4651
-4157
-3298
-1594
-9767
8980
-2091
-7508
-1793
-3996
4057
-3502
1128
-8663
8427
9900
-3345
-5313
-887
-8801
3237
7418
8358
-6696
9654
-2023
-328
9874
-5630
7696
-8667
4527
2529
-2889
-2099
7498
5567
-8772
2441
-1616
-5958
-9482
-8428
-5912
2756
1168
6486
-4209
-1111
-395
-1609
-5900
-3086
1018
9390
1928
7353
5693
42
-5874
510
4532
-7250
-6907
-4634
-2947
-3685
-62
3142
-5404
1708
-2793
4143
515
-7626
7053
6623
9694
9921
-8098
195
4786
-9632
-2067
-3653
-9076
7106
830
6761
-9082
3088
8576
-6687
-9214
9864
-2310
2058
8554
-8152
8768
-9208
9206
6743
3359
5244
-2119
-4193
2792
4366
-2175
6600
3705
-8883
8265
-1452
5518
9743
-8539
-4255
-9002
-1816
-6501
3505
9000
1085
8572
3317
6160
6470
-5726
-1596
3367
2675
4176
2707
3889
-2087
170
-133
-5150
-6763
-9037
-5820
9202
4451
2603
3683
8336
4737
9080
6984
-7067
5269
-8997
-7816
68
-7201
1250
-9912
1605
-2298
5926
-7005
8447
8562
6411
-7461
-1085
5958
4449
7435
-7217
2287
-8642
370
-5042
-4028
6512
-9853
-628
-6175
-2357
-97
3190
-9641
-8948
8739
2632
-4479
6621
-8778
2707
593
9497
9471
-8693
6606
-188
-1420
-2965
-2588
-5266
-6957
-7386
7988
-9671
2331
-630
6564
4037
4980
4366
-5260
-7518
8561
1522
4077
5643
-6349
3232
7377
-7821
-3163
-4475
5049
-4528
-4075
1214
5315
6748
-7262
5604
-3396
1231
-6612
764
-7082
3610
8875
-2597
2575
-8512
5383
2445
-9331
-2424
-8531
-9326
8435
8266
8211
918
-1547
213
-2058
7353
-3883
3382
6170
7416
3511
849
-4183
-206
4946
-6044
-6394
-1791
8020
-7047
-3320
-5481
7289
-4481
9347
6890
-9774
-4877
-5415
-2961
-922
7288
3125
-2099
9312
6963
232
7252
9403
-3150
5556
-4676
-4728
1278
5312
5192
-7097
-6322
-5392
1257
610
89
2176
-9361
-5815
6877
2846
-7801
-4487
96
-723
-7800
2912
7501
6061
-8363
-3488
9075
6819
3532
2658
6098
-7803
-2387
8972
309
-4038
4754
2689
-4889
-1286
1221
-537
-9046
819
7732
-3178
3709
-7764
-7231
7976
-1802
488
-5900
9092
-2694
-7512
-3905
2572
-7242
8159
-3164
-8564
5029
5027
-3047
-55
8036
-3777
-6710
-2049
-9359
-3860
7542
3136
-4309
-8127
4220
-6833
2193
3871
-2316
7241
2269
-6968
6802
4853
7454
9528
8993
4719
-6634
-2519
3145
1521
-5330
6495
51
6981
-2756
9766
3168
-7350
1440
6121
7883
9468
7987
-2925
8712
-9212
-4006
6275
9096
1360
-3914
-9473
8984
-1418
-2630
3141
-7365
-3905
-5117
-7903
4042
-418
-7407
3122
678
7848
2268
-2577
5280
-1588
-8458
-3813
-1168
1460
3875
-7081
5873
6423
7725
-5033
-3181
-2933
211
8985
-6847
1167
6707
-3549
-3976
504
-1906
9694
8289
-1352
3702
7282
8460
-4204
-712
1175
-5320
7683
-5477
-3765
-5128
833
-8834
-8584
782
162
5718
-7002
3273
7559
-7312
2156
7013
1437
-9889
-4731
4772
-7044
4646
2850
9945
-7089
2036
-4658
4409
-4270
-6104
3512
9593
-7274
1848
8674
-6166
9228
-8362
3748
9634
-525
3973
7471
207
-7053
-6071
-1821
-8294
5323
5931
-6913
6963
-6570
-6772
3532
8005
1802
-1832
5770
9592
-3180
7064
-4596
985
-7254
-5220
-38
8371
-3027
-7771
7347
1419
280
8434
7071
-9204
-6635
3618
-6751
-8007
484
8759
8755
3264
763
-480
4167
-5168
-7572
1841
-7156
294
1004
5107
-6076
7446
8416
-8230
-4346
-9745
1866
-169
-9203
1254
1882
-7659
2731
-5640
-4929
1366
-4530
8154
4764
-905
1547
1971
-6357
-375
3837
-6992
-3828
1595
-2894
-7741
-6248
-5886
-4476
3341
-8278
5188
5311
7136
9695
4880
4073
-2936
9751
2161
-2487
5997
-6272
-388
1778
-3459
6105
-7362
2174
-3864
8028
-9223
-8002
9614
8646
1026
-5599
-4117
2818
-4521
4167
-456
9066
7586
3158
-1091
3348
5791
5427
-1611
-7228
3008
5307
-5323
6687
-3633
-1705
9187
3708
9217
8087
9721
-9217
5060
8548
9386
-5605
-4937
6561
7310
-3458
-5405
-4392
-9520
1260
7831
6204
-2755
-1522
-1667
-8153
717
3617
-4771
3760
1731
8780
-5479
-804
-6327
5453
-3937
-6152
-5091
-9015
-8166
-9055
4736
5067
903
7097
-3390
4600
-2681
-1253
6784
-1905
-6389
5253
-6858
7816
-856
-773
-7319
2228
-1751
8109
-5039
3813
653
-1325
-8915
179
2692
-7413
3056
-1425
-9353
-2761
9279
-1969
-9263
861
-8164
-6358
-4743
6966
-284
2624
9584
-5365
-215
-9695
705
-6219
-9762
-176
-6255
-2063
-2727
399
-9839
-1518
-9154
2555
8775
1159
537
-5465
1785
-7177
-8559
3606
3173
-1130
7009
9663
8681
3094
-5724
8628
6637
-2231
7279
878
-619
6602
-7096
-8145
6872
-2947
-6728
-5553
7020
5699
-8833
-1355
-2543
9789
1496
-1468
-6650
-499
3032
2887
-92
-9287
3627
-7830
3997
2023
-9618
-3328
6321
5823
4854
-9697
-4652
3746
-1976
-6029
6534
-1966
-9833
7955
-2148
-5430
-9423
518
-7916
-3829
-5070
-4764
4050
8354
2459
-2072
-5420
7469
8541
-6382
8597
-3314
7069
-7964
-669
2915
-6825
-2825
-1723
-9901
-5196
3870
-3463
-8872
-423
-7992
9582
-3945
7217
-8815
-6680
9737
-4671
-9509
5182
-3828
8995
2226
-8220
4026
7394
-3538
-7941
4726
-3501
-1854
6059
-6356
-5537
-5986
2490
-8951
-5270
-798
7472
-2552
-2430
-4546
-9346
-4811
-929
499
-5089
2484
-1062
1365
8113
6294
121
5862
-5787
-2229
-2273
141
7031
5044
7408
7823
4443
-5101
-98
6683
1863
1308
-9384
9193
3722
9327
-7508
-8573
5302
4048
-6081
-3072
4161
2558
-6738
523
-6687
-7867
5697
3927
1278
861
-4312
6591
-2909
-8402
1055
-9677
-8929
-1214
3532
-3830
1737
6216
5474
9334
-2644
4410
-310
8183
1
3
3665
765
2295
5845
-6839
-1611
-3046
307
9631
-4850
-8506
4445
-7302
-4595
-6937