3661
3203
4429
6894
-450
-6322
-5491
-9546
7024
-5977
-302
-3326
6995
-8091
2011
262
4878
-4577
-9701
-9506
-4190
-5431
1929
-6361
-7405
5215
3099
6117
5085
6782
-1549
7282
-1652
434
2975
5215
2247
957
-1547
137
1060
9764
-5735
-3412
9256
-8282
-3048
2943
-2342
1377
3221
8468
-6037
-3155
-5372
-4776
-9867
2806
1888
-3327
-1617
-8480
9416
-8808
6831
9457
-7971
-3445
-2916
8049
-4552
9977
9466
-9612
-2738
-7032
8337
6734
-3251
-9807
-58
-6966
6078
-5848
-7659
9981
-2916
-5967
5310
-4695
8526
285
999
554
4193
7213
-4379
1973
8444
6482
-5565
-579
-1084
1472
-2109
-4373
-2266
7995
-29
-630
5261
-3342
-5027
-4284
-7193
-5250
-1712
-7727
-5636
-7327
3588
-570
-2653
3085
7445
2183
7282
3670
-9375
-1440
-7034
-5189
7185
1707
-1532
-6580
-1828
-1830
-4343
-7409
2084
-8316
816
-815
3288
-796
-1822
6800
-1211
9232
9133
-2227
5318
991
3949
-3963
-6666
4592
3927
2755
-6100
-8484
6688
5856
-9492
6734
-438
-3233
5002
3930
-5308
-6626
-7342
6998
-3248
-8654
3913
-941
1447
8680
-400
-4243
-46
9085
-8241
6159
-4898
-6143
-4890
-465
-3811
-8630
3463
-9749
-4145
3777
-1123
-4319
-6406
8185
-3268
-3926
1554
-4628
-3187
2312
-278
8737
5615
3284
4970
-6587
-933
6441
-8352
-5120
-7824
-3590
1204
8948
-3723
406
2760
-9707
6315
-1148
9939
-4439
-8012
662
7487
2902
-5822
4914
2947
6106
8795
-901
-8098
-2855
-8817
6194
3014
-4056
594
7183
3959
5643
-5580
8941
6348
-3661
-2894
5098
-9664
-6856
-5723
-887
-5976
4256
7163
6334
4854
-8314
4272
-7366
-6462
153
930
-4854
-433
6400
-4532
-3621
2640
-7610
-2920
-831
-3126
6635
-7783
-1576
-6771
-2776
-327
-9395
-7586
1759
-7073
-5389
4531
3347
8224
1663
-8761
3901
-169
3374
8864
7925
5671
-9018
-1728
4949
5977
-6333
7584
4799
5024
-2690
7216
-127
-3705
9591
1123
6896
7092
7251
-2236
-2739
-9961
-9752
-6635
-503
-2124
-3820
6180
3077
-5367
363
33
-2389
5831
9057
5141
8717
-9971
-1923
-7583
8846
-8682
670
-884
-4344
-872
-3285
-9338
7223
4663
-4125
-6196
-2101
5422
8903
506
4432
-7778
4789
-4851
5309
-7270
-1076
-6796
-3757
110
25
1618
9609
5950
7779
4596
1627
9404
3017
3992
-5806
-7473
867
-4652
-9232
9491
-8080
-1325
-2421
9460
-4283
-9915
3516
2418
-9638
-2009
3081
3148
6684
2993
-9160
4191
8187
-8456
4222
7479
-1145
-9766
9507
6362
-5710
-3646
3118
-8161
7767
6029
-8496
8143
-8138
-5175
-2545
-7561
-7663
-9202
9584
-5408
-9043
822
1410
7442
4831
1557
-7333
5210
-6789
2186
-9585
1236
6437
-217
9771
329
-3623
-8468
9380
-147
-320
8348
7997
2167
-5066
-3037
-4042
897
3984
7580
-1522
4202
-5105
3433
9701
4127
3587
3897
2064
6942
-875
-8930
5111
6273
2360
-8497
9307
-9723
-8129
-304
-2103
-7801
4484
-8505
152
-5743
-312
9054
8902
-2787
-4948
3426
-7450
6810
6971
-7969
6473
-4668
-515
-5737
-4651
6852
1222
-8880
9093
59
7804
-49
7927
6491
-1821
-9932
-7422
867
-6695
-7955
4831
4675
-7721
-6758
-894
-6910
-9343
1722
-8881
-1794
-4114
-2402
-3378
-6896
-8353
7914
-7551
1696
6065
-2931
2800
816
1808
-8663
-6673
-6795
8724
-677
417
3833
2737
-4018
-8549
-3486
-1141
-8192
1001
-3232
-9587
-2808
3895
-2605
6848
8946
6971
4274
4407
-5281
9866
9232
-2461
1771
6458
-7695
9242
9939
-6364
-7399
1814
-6307
8564
741
-8841
407
-4474
-2250
-7545
-8553
-3150
4280
5658
1625
3308
780
-2256
1712
9559
6554
2830
4409
-1294
-5663
-5867
-866
6651
-1381
5230
451
-1969
-8578
-2318
3404
-4989
-6319
-4401
-8900
-3373
-1349
1903
-2916
-1864
-9823
-9812
-6022
-9956
-8331
-8431
-9326
-7895
8163
7030
-957
8504
-9751
2202
-7968
6910
-8789
-2877
-7157
1340
395
8397
7854
7961
-2599
621
9919
613
4062
-886
3494
-9844
-3129
-1909
7416
8708
-8058
-9674
8926
9820
-5803
-7746
-1626
7608
5964
2139
-2393
5353
7855
-976
-3263
2383
-5863
6317
-1385
-7517
8791
-1446
-4775
-8004
-9540
-7157
5003
-8227
-4197
-6086
-8506
7188
7275
-1523
-7366
6682
-8383
6395
-697
-3068
-3534
-4277
3102
6201
2855
-3833
-7271
1510
7741
4581
-6380
2266
-4582
-8063
-2619
2075
4298
-8867
5250
4827
-1679
7843
5615
-8314
-6909
-5727
7751
7664
7846
6994
3673
5234
-7492
7455
1682
-282
-4399
-6520
3797
1090
-3185
1167
9345
-4890
775
-4203
5330
-506
9981
-7088
-4648
-2084
2078
-7916
1674
9485
-9434
-1398
-805
-9861
9287
7867
5415
-1618
1807
-9402
4743
-472
6710
1073
7411
-3270
-5702
9789
7709
460
-4162
1998
-3689
5153
-3186
-2681
4928
5530
1592
-2404
-4477
6761
-1070
-474
58
-6569
-7330
-1213
-2121
4560
6332
-9009
6018
-6151
9365
4019
-2432
8466
-8778
8815
-9618
4651
5390
-5529
471
3451
4772
3606
-7556
-8765
-4241
-8308
-2591
558
-5810
4579
2100
4549
-3377
4694
9282
4803
-5125
8401
-6200
5533
9320
1309
-8826
9415
-7246
7114
-4628
5498
-5317
2091
-370
-2017
-6679
9994
-5585
-7347
7165
-9697
6528
-7765
8835
-3834
4043
4823
-6288
-9881
8431
-7090
2002
-4761
-442
1271
5998
-1136
1226
6372
8367
1047
-5192
-5196
8466
6489
-7232
-4939
8714
-8798
-7569
-3380
1356
-145
-4145
6250
7182
-4748
2161
-8335
-9290
-7644
4097
-4493
272
2441
2743
4476
2978
-9130
-6300
-5575
-8180
3456
-7384
6672
2049
-6860
-8113
-3027
-3847
4243
-9509
-4619
7040
730
-3751
1633
-2709
2576
-1861
6709
7732
9138
7823
6333
2259
-6932
6166
-6527
-8047
937
-1630
7701
3169
7172
822
4203
-4395
-4756
-9080
8644
639
-804
8295
-6158
-4258
9735
-5259
-4888
-4901
-1619
5423
8482
827
-8407
9059
-1887
-1645
-184
49
-3725
-8200
9057
506
-8429
-4503
-9244
2693
9378
-1047
9834
-4780
9276
-6509
9360
5544
-9982
496
1428
-6826
2121
7462
-1823
-6187
4229
-1334
-7574
-9584
538
-1809
-282
5162
2253
8505
2820
-3220
1212
8169
-8493
3150
-9727
5126
5878
-508
-6586
5321
-3238
-3447
9568
-5823
-8652
3897
130
-6385
-4955
2703
3502
1408
-4930
7467
-4295
3347
-9138
7033
-149
-4470
-494
-7272
-2621
-1646
-5876
-7445
-4014
6259
2151
4353
6963
-2963
-668
8902
435
-6052
-4785
-6742
-1219
3063
6853
-4094
-1257
-9532
7337
1320
6655
4838
-4091
3925
7581
1021
8611
-4093
3602
-5404
-2441
-7540
4086
5457
2636
4746
4413
9007
1431
-1779
309
7845
3243
8339
428
-5538
8919
389
-893
5132
-939
-3322
-7752
-4950
-1370
4466
-8928
-2069
7280
1118
-2874
-963
8852
-1712
-7679
-767
895
-7623
-2405
-657
-9013
7217
-7716
7850
1116
1357
8991
5439
-3866
-2443
-7252
-9105
-5906
-7277
-3066
-8662
5329
-9949
6814
6474
9336
-2212
-4324
-6218
-4779
5917
9595
-1709
-3535
4521
-3691
4540
-2830
9417
-2497
6875
851
8477
8685
8938
-9000
206
7476
8650
-1699
-7424
6214
8594
-1795
-291
1118
9764
-2044
-6177
-597
-6849
-4038
4092
-1077
9879
-8808
4085
-6668
9716
-429
-6443
1616
3234
-2953
3768
-2197
2339
5168
2455
3456
-154
-5212
9016
3698
8633
6582
5962
-5660
7678
-5018
-8379
-9080
-4682
-2603
-5558
5769
-9167
-1371
4262
2534
4626
495
8350
-6683
2480
-6512
-4475
-8823
-8811
3299
-6163
778
8634
-9175
-8346
-5193
1130
-4319
-679
5744
8157
-4562
1540
-7807
1617
2456
-974
-7964
1511
6539
-4139
4206
-6000
-627
1498
-9570
9516
7653
-4031
-2576
5354
-9767
8146
-8893
-7262
-3180
-8882
-1156
7680
-3542
-7276
7065
1143
6926
-8212
-7069
9935
3725
3315
-5357
-3663
-8610
-4499
5342
-4355
4045
-2900
6811
-9899
9459
-4750
800
4043
2865
-9574
-3828
-5081
646
3352
-1290
-3823
6027
163
-1607
7773
-4841
-7897
6919
5718
-5706
5444
-5029
7771
8903
4740
-5652
5991
-1093
3831
-3069
2414
6316
9515
3509
5748
-3684
-8358
-9881
-3854
-1566
-5258
-6251
4449
-9434
9948
8730
-1841
6701
-9688
9400
7883
8577
7369
7275
5714
-5088
2953
5636
870
8653
1647
204
1159
5346
9114
-516
2866
-7312
4293
2772
-2215
-8742
-588
6721
-9297
3963
4940
-1286
-8385
-1495
4917
-6012
-4325
9126
-2064
5292
-5450
-969
-5964
-4324
-2868
-1660
8537
7748
6903
-8366
6765
3202
-2568
5400
2334
-9974
4231
-9714
3463
4027
8666
3513
76
-5157
-320
2510
-2194
-1758
91
812
223
8073
-9198
3823
-4089
-5354
-7492
637
-4601
-2447
-3931
-329
-3952
-2891
7669
8204
5571
9200
-6820
-3815
-2490
-5524
3938
-6393
4451
-8636
7353
8302
-936
7263
-999
-9991
2282
3904
-4802
-9158
-6032
5193
7717
574
9543
9354
1614
8144
-9821
6735
-1000
-4467
2944
5511
2293
3340
-4862
-1228
-5652
-1565
-3479
-1954
3849
3719
8889
4173
-3301
-7406
-2795
-3587
1827
2053
-5929
1826
2650
7195
7503
3988
4119
-6271
5605
-3498
-6538
-3157
5143
-9828
2385
2297
5044
585
-1800
2698
-3481
-5550
8377
-955
4721
-651
-2850
5299
-1910
-8215
-1099
-2228
-7507
8519
-4045
-5591
9749
6412
-5927
1982
2025
-8606
-8731
-244
6256
-7697
2400
-1326
4148
-3717
663
-3525
8934
-2130
-1634
-3384
-7325
-4308
-4674
1312
5919
7027
1349
8661
-2891
-7120
-879
-7741
-8159
8685
9418
98
-987
-6647
904
-10
-4333
6411
9546
-4204
-4167
-7649
451
-2851
343
2358
-874
-9580
2477
-9597
2539
-5108
-191
-5070
-4864
-6274
8139
-3788
4306
7390
5069
8871
-8741
-4285
-3299
3493
-8079
-3046
8874
923
5438
-7761
4827
-3796
4779
6034
453
1689
8158
-6762
534
-968
456
-5805
6129
-5027
8168
1727
908
7087
-5447
-7733
-8185
-4887
-4617
-4455
-5892
7916
7149
-193
3740
8586
-6552
8130
7893
-7988
-5108
-8840
6405
-3160
-3536
-7451
5174
2882
1343
132
-5777
5702
4192
-9660
-791
8452
7304
3988
-4601
4288
1313
9785
-5055
9596
4509
8801
-8607
4844
-8291
9094
1413
8945
-6052
-7175
-6918
-9157
7677
-6512
8493
9267
-3967
-5635
7170
2682
9262
7919
480
-14
896
465
3409
-4868
1777
-8970
7123
5365
141
-205
-2448
9809
911
-9303
3368
-5704
6051
-6601
-1862
8159
5155
-5861
-586
-2233
506
-656
-5053
3457
-6408
160
9592
7327
2954
-7602
8246
-960
-9907
-4850
-6934
-6122
5194
-6574
455
-1390
-6561
9667
-1527
1860
-34
2559
-2682
3504
8399
-3715
-8678
-7975
-5807
-3077
-803
6558
-7964
-1594
-5655
1229
-3818
-7235
8323
-89
9749
-6703
-1593
-5853
-7743
-9536
9780
-8568
6693
-1048
5265
4854
-8752
-8341
-8559
4945
4280
6489
4189
-1965
-4166
-3857
7474
-8382
8620
-6519
2825
-8607
-3949
6284
5526
426
-5906
2087
8037
2850
7554
7278
-2283
-8766
-2443
9465
-2437
2997
448
2087
3423
-6183
1419
2385
1977
9961
-6097
-7084
4936
9284
6456
-48
3269
4837
-8815
-8085
-7604
-6757
4830
8472
-4280
9925
-9198
-3148
-6154
-422
-4119
-4453
6144
3902
5194
-3880
7991
-4155
-8575
4569
-7009
3830
1121
-4007
-3124
-2008
-6888
8915
52
-2872
-9292
-6658
-9880
-3871
-6880
3317
1361
-9966
715
-2611
2634
-2987
-8310
5112
454
3752
9923
3572
-8895
-4236
-7685
9337
-1031
-1776
3907
-3075
6380
7765
-3827
-7453
1412
7648
2111
-2624
8588
6645
8664
485
-6020
800
7694
4064
-3693
4644
3422
-5383
-4913
4089
-5190
2555
7632
-6873
-3836
587
-4685
-1820
4817
-7431
-8434
-1998
207
-3146
7509
-759
8539
6955
-1188
-8338
8404
-5462
-2638
7908
-2891
8554
2248
5024
2837
-8861
-6167
-6571
-5079
-2447
7406
4342
9964
5452
1670
6764
1932
-7283
1604
5906
1924
-6872
-408
6442
3731
-119
-7591
1943
-6213
-791
8944
-1945
-4167
-9362
6288
4874
6272
2915
8541
5794
-9748
-4600
-2478
-560
-5959
-4310
6737
8889
-5049
-655
2487
-9558
-9535
-9907
368
-9907
624
7628
5412
1153
8460
-1835
6051
-40
-5574
-9673
-1896
-2559
-4850
2886
-7842
-8721
5422
1220
-2580
5613
-1991
2419
4805
7385
-151
-9419
-4582
-3700
8934
-9732
7821
-7323
-8801
2547
408
-1789
4413
-5227
-8760
7502
-3414
-3289
-6209
3707
-9835
4242
2672
-3868
-9338
7265
-9455
7175
6736
-2100
3519
6543
5141
3712
-719
9278
6585
715
-5844
-9665
7357
5128
-6162
8101
-8343
-6241
9894
4072
7282
-5052
9584
5685
-2787
-9610
9985
-2466
-1439
-2704
-7881
9867
-8751
4892
2529
-1294
2584
2325
8249
-8880
2797
-4205
-436
-6084
9031
-9597
6902
6085
-7723
5753
-260
-5224
-8255
7561
-601
7678
2127
5519
375
805
8653
2700
345
-1137
2444
547
452
201
-6340
-5874
6341
347
8932
-7863
1293
-8859
-7478
8038
9576
5837
-4860
-2991
-7528
-7598
1200
-5234
4797
-9281
2426
1041
5657
6997
-6626
2348
5898
-3064
8479
1654
-1598
-2635
6132
-4103
3531
6
-3731
-7973
3636
-1468
4001
8527
921
-5135
6457
9628
-1162
3848
719
-471
2943
-7912
-9167
-6834
-8020
-6622
-8979
-1938
-4938
6127
-7296
8500
-5934
2423
2480
7428
9872
-3114
4546
-1570
-328
-1046
784
6854
3026
1978
9780
-7452
345
-4822
1675
-4407
5212
307
5650
-634
2196
3239
-8621
538
6061
-3880
-2939
9748
-4041
-7188
3220
6603
-4954
6168
-2065
7397
663
-5701
-3469
-6526
-4265
8911
-7313
229
4180
9537
-2838
-3705
9207
-3676
5310
-9347
5158
-3772
-8586
-8981
-8166
-806
-3016
-9612
9060
-4014
-2919
2029
3461
-1539
-8677
-1387
-7763
-2913
-4698
-5969
-4386
-1777
-2298
3109
-5845
-9996
7212
-8863
-2240
-8669
-3556
-3192
8501
9897
8472
-3056
8633
-3996
-8684
-9093
-6836
-179
-8542
-7605
4173
-9020
6529
-8185
-9148
-8172
8292
1334
4873
-5138
-9143
1988
-9693
-8187
7871
3241
-5822
-7599
121
2839
4313
-9472
-9767
562
7780
8618
9200
5486
-8086
6225
-1353
1391
-6250
-7404
3686
1641
9114
-1486
6991
8811
2836
-3023
829
-7600
-8739
2491
-5708
-8600
8972
8549
7914
-1472
1802
10000
-8458
2567
7884
5274
-4599
-9104
3682
-9267
-8602
9869
822
-9378
-5406
-486
6685
6363
5089
6566
3698
-7320
-2448
-4872
-5185
-904
-4510
7194
-256
3264
4007
6649
-7891
-2992
1979
873
1149
7722
8133
9732
5089
-9083
2621
1082
4471
-7863
9160
576
-8857
1352
3550
981
6211
2974
1095
3693
1982
4939
-502
3656
-895
497
-3852
7144
6048
-153
-2119
-3176
-2756
7583
-5417
8986
-7028
5143
-52
-9618
6004
-7473
-7095
3753
6069
-1111
1550
4151
-2040
-3875
-1992
6920
-8207
-6655
-8185
-9334
-3230
7257
-4416
1391
9489
-9562
-834
1593
-4591
-3266
-1990
-4838
5557
-6871
3840
9332
7407
7588
-9626
-6712
164
-5955
-7097
2705
-5165
2885
-5358
-7457
-3327
684
9384
-5259
-6673
-2619
459
2196
2111
3129
-9968
-5305
5845
5321
4708
7011
762
545
807
-6936
9841
2943
-3251
-7351
-5582
7970
2285
-7
4176
2473
-997
8403
-4027
-1253
-8697
4141
-6475
7397
-7288
-307
-7060
8395
9866
-4411
-3921
-2762
-9889
-5662
2226
-890
-4049
4215
-1259
-6705
-4821
9284
1812
-8916
2873
-6733
-4951
-725
4036
9566
6409
-8331
8105
-5936
-3627
-4432
318
-2239
1040
2941
-8303
6085
-5647
8587
-8488
-768
-3850
-3274
-9545
9965
7954
286
4626
-6650
-7151
-5548
5552
4044
-4674
1882
8801
8357
4307
9987
5308
-5586
-431
6092
-8280
-5717
343
2877
9609
1960
5425
7540
-9380
4574
-1275
3912
4036
-6281
-2532
1943
-8113
-3851
-9749
-9028
582
-1581
-3308
4711
-6753
-9998
9939
9730
8068
-3730
-3769
-5774
2881
-9017
5893
-7049
-7467
-7673
-2209
3788
-5893
-7061
-2555
2120
-7994
3313
5197
2910
8499
9088
2293
4286
-4440
1318
-6952
8080
-8414
6343
934
-9023
7976
4530
2410
119
-5393
3792
6954
6684
7326
5990
-8901
4041
5997
6326
7493
-3751
5989
4720
7258
-2516
9636
-3820
-4591
26
-723
1810
-1447
-4008
632
-6926
4399
-5538
3295
6973
5051
4680
8448
-9886
4720
9903
9482
8073
9794
-2547
1123
-7145
7251
-5133
9118
-2455
-7708
7373
-5193
-7410
4473
-5290
5798
3213
5852
-1259
6452
5180
9095
-1139
-3842
-9654
8011
-2048
5686
9018
5119
5654
6151
-1346
-6898
-8853
7864
-6857
-6706
-6070
-3070
5488
-3499
7240
-8603
-634
1075
-4579
2740
-2676
-6543
-3714
1663
2361
5911
6998
4249
-5848
-9752
7866
-1011
3118
-3425
9235
7315
6357
8928
3133
-5204
-9268
7785
8418
520
-4289
2320
6597
-2780
2822
1030
3592
-4534
9316
-6071
-8252
-8865
3834
1732
7730
-9378
8998
-4919
-5880
5478
-7907
-6234
-383
7227
4138
8929
-584
8651
7442
7201
1909
-3400
8965
8661
-9960
9176
-9232
-5018
-8380
9595
8577
-6044
-7806
3505
519
9732
8372
5905
9808
-2744
4923
6776
3735
-6828
9864
3246
-2554
-9405
9740
-7270
-7016
2593
6536
-5359
-9433
3259
-7980
6628
-3096
-5847
1211
-5351
1348
602
5778
9287
-7911
7218
9673
8172
-2953
-182
591
-4453
-5268
3993
4871
4772
-6534
-8624
2659
-6838
-3040
-66
6481
2875
-4134
-1444
1135
8636
-3992
-2103
-1677
8381
4930
8606
-5828
5379
-3109
-7810
7575
-5324
3668
2378
3397
-6391
3058
4224
-4762
-1617
-7922
1493
-2302
-2615
6674
-3755
-2037
-9538
4519
1722
-7504
-1434
-738
5794
1433
-9536
-1759
9740
7208
-1450
-694
-439
1618
-711
4950
-5121
-3544
1331
9214
-5213
-5168
3037
-1564
-4774
-9756
-9640
6753
7093
6422
-9803
-4935
-992
-829
32
506
2899
5692
8750
-6714
-5258
-7694
1781
-5153
-6172
6953
6429
-4743
1899
-9888
3303
-3276
-5872
-5308
8328
2570
-2374
-6967
4424
-3217
3447
-5033
1393
4011
9863
-7481
-6724
3223
-4348
9630
-2129
6858
765
3147
-1869
-9933
5184
-5910
-7542
1616
-9620
4043
3599
5303
-614
4094
5069
-6730
1874
4233
1112
-1136
6807
-1368
-7377
6145
-2171
4485
8751
6020
3956
-8500
2287
-9538
-1674
3471
9217
3907
5974
8248
7913
6560
-3209
978
-369
-8402
3112
5506
-9326
8339
-2253
-1833
-2110
673
-6603
82
9064
9024
9362
-696
-666
4703
8622
-3129
-7878
8619
-6440
-4914
-9649
9665
-2743
-8598
-6226
-365
-8233
9366
-8896
-4263
-3560
930
6878
-6326
628
5651
4797
2771
8074
7131
1566
5003
-8404
4860
-4785
-7526
3143
6147
2409
-8554
-9819
5824
6364
-3724
-3160
-3812
-1080
4519
-2531
4058
-7928
-999
8829
2179
3400
-7329
3742
-3900
-9072
3295
4079
4592
-2952
2536
-8050
-7533
-6897
-5609
-4644
-9925
-7805
1604
2747
-1180
8616
-2323
-3671
5023
2418
-2434
8243
-5946
4195
-3754
1681
9350
2910
6907
4366
-6094
345
-871
-8303
-1496
-4019
5952
1175
6408
3937
-5783
-7144
7915
-5233
7645
7429
656
-7788
4917
-5691
945
3515
3597
-7656
5765
6995
-161
-1852
4561
-6135
9862
-9177
4445
-1776
5948
6888
1949
2382
-5732
-1806
-2120
-2126
8766
5704
-4691
-5543
-9531
-8448
-2509
-6218
-7366
-153
5664
-5578
7688
-1825
-7780
250
7902
724
-1045
231
5412
6044
-6613
-9592
-9337
-5780
95
-431
8560
7488
-2379
-3924
-9739
-7967
4360
-8581
414
-3891
-6443
2407
-9365
9373
4325
6817
-926
-9057
-9672
4690
-7470
-7299
4300
-2595
6616
-4242
-21
5402
-1270
6451
8786
8784
2309
-5501
6148
9223
-4072
7891
4131
45
7112
7936
1747
-8529
8684
5045
3780
-7824
3055
-6807
-2571
3920
-962
7010
-7446
-6999
2063
1235
-6701
38
7981
1419
-92
5071
-1818
-8922
8775
9020
-3276
1145
6071
5015
7568
4562
618
-5769
980
9144
-7334
3823
-5567
3861
4257
-8856
-4410
6744
-888
-4425
-7143
-2353
3373
2995
4468
8927
8598
6758
5370
-5782
-5359
-6757
-5316
5702
7330
1260
-3559
-2497
-1268
501
4468
-6639
-5504
5472
-6566
7170
-2316
-8777
-9746
1055
-6524
9582
-1681
-9375
-9090
-1003
6443
8391
-5256
5143
-2438
1650
1625
-4507
9835
4063
3782
9501
-1564
7445
6441
-3691
-5849
-2239
-810
-3837
3485
1517
-4535
7569
-4530
-6734
6852
5160
1010
-4952
-2099
7441
289
-3495
-1518
6822
-2315
4643
-2851
3668
7717
-557
207
2749
-3361
9554
-6238
8528
-2524
-4112
-9980
-3917
-9334
-6908
1245
-5584
635
4157
6321
7039
9644
5556
-2742
1058
5275
-2277
7274
2489
2666
-3801
-29
6546
9543
1364
-2704
7047
-9310
2766
-6104
7803
6940
6127
5559
6566
-9077
-5169
-8939
-4311
5710
-2546
9681
8182
415
-2142
-1041
8430
7894
-4649
-6751
-2968
-9862
-607
5918
3653
-6979
-1890
3436
-6969
-801
1778
6847
1832
-7384
6649
1184
5894
-3579
2537
4142
-1865
5417
-2608
-531
3977
-3354
-1426
-9839
-4188
-7817
-5972
-4071
-4575
-1464
-583
-3268
-6273
-183
8705
-853
9477
-3828
-8135
-495
-4864
421
-6727
-4734
2107
2872
-197
-1875
431
2177
-9921
6494
-1954
-8962
866
-8573
-6322
3673
-9289
2140
8841
8484
9110
3287
3897
2490
7242
-8065
479
-6913
4105
-653
-3256
-679
-3001
9322
-11
-2255
6517
-8229
-2925
-2548
7786
4891
7583
8655
4088
9263
2879
-4093
1051
-6601
-505
8814
8653
7983
8727
-1665
-4093
8433
-8593
6474
-6346
-5340
-6668
4853
1130
-5654
4557
2618
5
3201
-1747
2650
-8416
1995
6188
2251
7666
4544
2972
-1142
-1517
-4975
-6734
-5873
1931
5189
-3927
-6852
9831
-2950
-1816
-3535
3075
-8978
8712
-2233
-7602
-6620
5869
-3389
3552
9033
-4602
1094
-8355
2207
-9366
5935
6014
3772
-3209
1977
-7953
3209
9837
-6620
-2814
-8723
-7058
4070
4090
4187
879
687
-934
7968
2810
-4805
-4164
-5143
8737
2169
2232
8991
5031
-4880
-3466
9928
-8559
-2747
3968
-5743
2071
771
780
4304
-1685
1800
8973
-6545
-7555
-8443
6375
-387
-5449
-8350
9473
379
9553
8028
6175
-5985
7268
-5523
6710
-2679
8239
-6397
469
-7637
5749
3772
-760
2476
-3274
7237
4513
9968
2503
-3159
291
1186
7314
-9390
-4291
7242
-1607
-1687
-2798
-5011
959
-4353
7551
4820
5399
-609
-2087
5738
9426
449
3306
4749
9919
-4054
-9898
-5833
-8158
9805
-1553
9274
4308
-6786
-8969
2255
-4067
4117
-9526
6224
3717
-7560
6830
-5531
4434
9946
-7081
-6427
-5877
-8997
-3514
5712
-9276
7161
2796
-5210
9573
7611
4835
-2969
-1493
493
-1115
-5834
8488
-3456
-8206
-727
-7929
5538
4446
-5404
8209
4038
-1853
4380
-9253
9633
-9346
2292
-7072
7450
756
-267
7346
-8463
9248
438
-960
5715
-8157
1505
2876
-9595
-6556
-6227
3714
8695
7649
315
-4971
6149
1392
9718
-1432
-6090
2280
-2681
-397
-9797
2743
5935
-4628
-2792
-6274
-6487
-6041
-4013
5133
3550
-8741
82
-5445
-2354
-5331
-3433
4032
442
-2037
-5362
-720
-5418
-6886
8586
-7722
3559
-2484
-5464
7079
-8186
8872
-9235
4549
-7801
4812
6807
-800
9212
678
4647
-7067
-7759
3427
-1651
