1982
924
662
-202
-218
827
494
143
-398
504
-183
-17
-569
998
-36
2
559
893
-496
238
571
262
458
511
-255
793
-974
247
-684
460
814
333
-383
19
96
-655
348
-688
-89
578
864
-484
396
21
361
-97
-607
674
-844
-626
643
-693
-297
147
-618
649
104
-504
392
110
928
-638
597
905
949
763
527
-846
658
68
253
353
-112
-220
288
179
-621
-353
-576
-369
-382
39
999
-391
652
-306
353
568
-733
539
-901
746
-969
-949
885
-297
-753
-335
620
955
459
58
-203
795
-275
979
684
-943
-964
739
201
-834
-302
-32
221
652
-798
-273
285
850
6
-441
288
-993
-601
593
-90
975
867
-293
877
-848
-609
-473
251
746
-502
-40
81
92
396
760
-280
-79
35
-977
-787
-180
162
-159
-485
-382
891
734
800
-291
-357
853
734
-481
66
498
-476
81
-582
-349
645
-48
-796
-80
494
323
347
817
864
-484
-685
454
338
-23
-255
-512
914
-986
-300
389
-353
-941
-848
903
-89
-300
559
254
-477
394
345
-207
-466
-517
417
235
435
-590
-236
-495
183
-238
-249
-366
265
-276
548
881
-740
-603
38
929
839
525
672
91
217
-430
935
-74
-281
-410
-517
-133
113
432
-764
75
-464
876
-102
361
-385
275
-915
736
-728
-178
127
-505
-500
-616
-460
893
578
-27
14
48
-241
-917
664
-413
-439
-100
164
-676
36
-335
415
-256
987
-746
635
-339
459
953
-291
-211
627
-812
80
917
-971
839
971
-48
-115
-823
896
456
-925
-840
970
-106
-151
508
353
-20
938
169
-433
507
106
101
855
-87
751
-458
162
-262
-430
-859
610
-885
-951
-143
-88
179
-613
975
-251
-363
-430
394
-294
900
-994
-613
-149
-755
-82
-353
891
966
-192
-85
-43
-350
-980
55
244
-713
-148
111
760
-328
651
348
-65
-594
795
881
-993
413
870
772
-658
505
-819
-421
645
-989
853
-567
-625
869
-53
-427
-686
313
926
738
-373
486
-814
438
923
764
323
-446
318
403
897
867
30
100
-221
345
800
458
-457
478
674
29
900
696
-437
822
232
113
575
-966
717
-56
-797
474
-195
271
565
-599
-43
200
-144
-416
-630
259
-857
756
889
-630
-273
-614
152
137
-235
361
807
72
-505
-570
-390
387
-750
428
35
945
589
514
354
-124
-663
-978
-77
-709
-528
162
-947
667
-56
-508
-228
-252
519
781
-251
630
725
88
-315
656
-80
-599
759
-123
-605
606
325
437
61
-818
490
-334
-817
591
-636
-937
-100
135
-596
535
-958
563
310
2
236
448
210
26
-785
147
-721
-926
389
434
910
172
-534
-893
-320
29
138
-328
-822
-180
-433
-634
-103
957
-344
-895
196
227
276
290
-857
-798
418
457
525
468
-132
-594
-989
-182
-158
756
130
-164
-432
-925
-908
-220
-631
287
-488
168
460
240
-953
-159
-703
763
931
5
145
497
-540
-652
278
575
-739
-433
381
240
578
-576
948
-297
33
-112
-187
524
938
-76
-488
-730
867
-323
-100
-462
-747
-693
847
-930
-324
-896
-756
919
-400
77
-908
-106
-165
-755
-525
355
-536
-397
647
-184
-595
-86
468
673
-554
912
-683
216
529
721
-98
-379
269
-853
787
790
-271
-51
256
904
-502
761
-278
-241
339
261
915
710
971
-509
558
-905
712
841
626
998
-715
774
600
-475
213
-341
-718
203
195
718
-563
-773
958
796
-264
1000
-986
20
557
-69
-692
-20
-809
978
-519
497
453
-670
279
471
314
699
743
-328
144
-147
-411
-578
-707
518
574
-554
1000
977
-472
335
-144
325
472
716
-379
592
-348
-391
459
729
-58
-327
70
-256
57
-646
-366
637
-811
-514
100
942
470
642
465
274
271
919
473
603
-599
-791
269
333
-276
-434
313
615
86
722
778
393
726
667
799
546
317
-540
-164
761
815
-177
-826
-156
-51
470
919
-413
-869
519
904
-594
-10
-141
-366
77
-951
-753
612
162
28
999
-550
-75
-735
17
407
-452
413
198
209
378
-300
874
978
-914
-241
629
14
-748
-867
-77
-697
-516
271
-100
388
436
144
-186
570
987
-696
758
-768
-920
-12
177
-256
54
-352
317
274
398
-191
702
106
423
442
676
693
20
333
-557
633
-69
925
836
16
452
392
-774
408
843
999
-445
-192
-227
-246
155
239
-43
-532
705
905
-685
529
-742
973
346
-897
-515
-579
-31
841
577
-458
13
-749
429
850
-147
-707
-277
-411
890
-80
519
-786
-339
-263
-820
-901
-687
-46
601
-340
-32
688
-234
654
647
-18
534
859
-454
-161
-848
443
117
-286
-473
-423
-542
123
999
-289
85
-399
623
-576
-760
963
-228
-745
125
-945
-900
-312
963
481
-570
957
-66
-443
468
983
409
553
214
728
-176
-762
-65
460
-83
-617
874
199
-375
-513
167
-229
-143
745
-229
-190
-711
-714
-715
-866
116
-514
-396
490
-306
-35
143
-834
820
76
926
248
995
-292
-892
368
-446
-722
-476
-785
-588
178
818
775
685
352
102
45
-47
298
287
-255
551
33
-791
352
-882
902
-268
-254
422
-390
30
-519
837
384
163
917
-412
225
207
-98
416
378
501
-706
507
-410
236
-746
619
-99
-76
-798
544
-842
754
328
947
580
815
-947
729
323
-597
715
-534
310
-698
517
626
-405
-777
482
328
-957
-954
-675
-655
190
-626
97
214
-663
-683
-141
443
-783
-382
206
-680
386
542
497
-708
351
-753
228
601
44
244
51
-317
-789
771
-947
-407
567
-921
912
451
-614
601
-65
-424
-513
-376
-241
395
826
395
-295
-855
557
-179
-330
-286
503
-931
-81
-288
-756
870
-412
-672
720
-630
-327
470
-503
420
-11
432
498
-666
-252
94
-152
321
-693
-21
911
989
-791
-646
-218
-728
982
-972
679
-94
-1
-82
579
521
-723
-322
982
-478
628
690
597
-842
-27
-225
-396
-209
338
-644
-18
795
-418
460
-877
198
-680
350
792
-288
726
-798
-117
939
-278
828
63
238
444
30
298
-27
924
-830
-429
377
247
-148
-996
-210
-423
-109
664
893
-578
-976
-993
-240
-104
-113
240
792
-746
969
607
-973
3
426
-353
-981
946
939
205
854
-55
-362
838
-430
303
-144
-240
430
400
254
508
607
-404
56
236
-129
404
767
-375
-88
-346
601
-33
567
456
5
318
735
-850
-528
-305
-200
296
-750
108
-242
-717
-636
-86
-94
-711
277
106
-513
623
426
320
-670
52
-500
-617
503
539
197
101
-807
-622
-652
245
-367
520
-343
-422
939
-148
372
331
765
-575
-204
833
338
486
-215
-60
-68
50
407
-87
-947
277
381
601
125
230
838
78
908
-936
47
353
-380
108
-951
661
-189
-489
436
551
922
399
9
861
-543
-778
-336
974
677
664
572
382
743
-298
-599
-373
-540
-318
408
43
178
-321
966
177
-133
-525
-776
279
946
482
105
-492
217
528
-601
-464
866
837
365
-608
470
137
-199
-484
586
-232
-812
-594
109
156
997
98
506
110
645
330
780
-816
-778
-905
708
767
835
-5
534
-357
-596
-979
76
-281
736
427
282
-557
-315
545
842
609
204
-776
-558
810
894
739
800
984
-31
70
975
-286
-629
977
990
177
-937
708
-180
890
858
726
-106
-126
123
-619
-928
-461
557
-346
-556
-379
729
-30
760
-898
-668
722
-218
-163
738
-890
350
-60
-601
-131
728
-566
360
848
-206
-786
-228
-859
981
833
968
430
740
948
349
-826
-883
-666
-894
-948
-149
398
-118
-148
131
-12
-833
-532
278
295
552
-47
-773
-699
-616
327
609
957
-414
-993
-715
519
588
538
701
-503
729
580
545
957
-405
85
-119
269
-66
594
587
691
-298
-836
730
507
301
-711
681
766
-580
112
-350
-61
232
-949
-163
-358
422
943
659
-943
-758
887
718
-352
-950
-923
-107
-536
969
-263
-587
-268
834
895
-919
904
-631
856
-688
-614
-36
725
966
777
-516
781
-115
87
395
-494
-767
-935
-700
-425
829
691
-485
26
989
331
-389
882
-943
172
379
-538
756
984
830
-88
-959
-443
351
-179
-228
-128
336
-490
570
-479
198
249
-200
-236
946
653
323
-718
651
86
469
322
697
707
-683
54
752
103
894
-362
727
-603
997
-990
881
-372
931
7
320
-563
609
-646
-588
-500
-657
-676
392
-112
-858
425
-770
-753
-108
77
333
-191
862
-163
424
-629
144
279
-742
-132
446
568
-414
-716
-664
492
116
370
805
36
-298
-14
113
612
488
268
-214
-611
901
-126
-994
818
497
740
534
13
911
17
-246
-468
367
681
619
-301
-752
634
143
-61
-303
193
-429
898
21
-839
373
146
584
-891
414
-697
-153
-874
-208
-20
320
-210
-313
-383
366
-360
-770
-760
30
-248
929
-2
-908
641
-366
591
-663
448
389
817
-44
-946
178
464
-866
-135
500
-921
-665
-676
582
533
-364
655
-315
-203
784
-987
931
-730
381
-736
712
673
-973
-292
-930
-811
-826
277
-139
956
-883
369
31
662
57
137
-187
-685
399
564
781
-394
238
-443
-127
705
-415
-646
681
-138
-208
882
-17
-38
-257
-414
-680
-462
-277
748
-463
-765
294
152
886
-198
706
186
180
-408
658
-584
496
880
447
-688
212
-268
-672
-815
-567
-249
-107
-234
-674
69
-559
653
-461
-627
766
884
-106
562
-83
351
-720
24
95
-604
222
-49
-891
-340
-749
-398
27
201
-760
-315
43
54
289
25
771
-526
399
-581
342
124
971
-758
-183
7
241
-36
-632
507
799
-280
685
501
-748
-24
-94
934
-908
-278
-220
378
-969
785
-724
-398
-245
-17
-786
943
-288
-654
-739
67
-193
-510
845
-542
-453
782
-965
979
-769
-554
-39
-54
-119
-882
878
415
-884
-879
446
-529
-522
54
-656
-909
-676
-899
-761
302
902
-979
38
-374
-995
858
484
-195
-599
-191
-20
-645
-71
13
-201
-292
670
-895
32
-131
564
906
-79
802
-708
439
-88
-410
584
338
-165
-181
-596
-841
-645
-451
-409
725
366
490
-13
-436
-179
818
921
-625
-589
-731
813
-868
-111
-87
-325
219
776
-399
-279
-989
121
-993
-911
125
-454
677
812
-992
612
991
-993
313
302
436
-91
694
257
740
250
-691
-913
397
-240
338
-179
84
-66
-294
658
247
-79
-572
237
638
-783
896
-368
196
912
-272
842
181
977
632
-571
865
562
604
-436
577
739
100
-875
-141
-573
460
-233
-841
651
681
-53
-435
-49
-863
310
-916
450
98
-596
179
-360
-762
909
929
-657
904
-688
672
195
-511
230
70
680
844
552
-179
632
-41
-465
374
-565
-961
-844
546
-136
297
290
-735
-583
282
9
-716
