4672
4472
-9391
2614
-2316
4369
-9078
-6516
-6106
9742
5493
-5957
4359
-2884
-2030
-4823
4858
-1920
-3908
-2646
-1546
-5621
4680
-7302
-3961
-868
-8932
1429
339
9266
-4772
7897
-5604
-7082
-9299
-6079
3535
6848
1676
-8171
2017
-3281
122
9994
3434
1834
6167
9732
3192
-7160
-5616
1687
-277
-5687
-3255
2531
-9510
5055
7563
-6164
914
-8768
5202
15
6483
-6264
2607
4799
202
-3769
5317
8816
-983
-8655
6062
-7799
1926
5112
3136
5525
3852
-3039
8726
9599
-1449
2103
-9833
-4007
-425
6164
-4037
5417
-111
-7080
8537
-711
236
713
4428
-7575
8227
-7859
3637
-2400
578
7207
-7974
-5652
1664
3235
1673
6666
6494
-1042
-4379
146
-324
-9467
-7573
-2436
746
-2684
-2621
418
7090
2641
4017
-4669
6305
8548
-3019
-1146
-9577
2893
-5657
-5067
-7094
-2419
3349
7380
-1539
5523
-5518
-2932
-5179
9182
6045
6344
4900
640
5734
4674
5453
7745
-9111
-9671
-9171
7204
-168
1356
18
-6379
-5180
-8900
6174
5770
-4040
-498
1396
1951
2082
-9537
-4693
-5402
4666
-9254
4991
-8070
-3048
-3579
2101
5156
9093
-3282
2286
6481
5712
-9346
1558
-9627
2194
-1280
-4609
4883
8657
2021
2163
-977
978
-1021
-8927
-6224
3091
-8441
4292
6864
-6061
-5618
4432
-8143
353
5079
9993
7235
-8913
5697
1178
8800
-2356
-7597
-8188
3685
8198
-1250
-420
1476
7833
595
-3479
-3315
-9866
-3860
-7621
5547
-7584
-535
-25
4377
-4150
1140
-9327
9578
-4534
6439
-6865
9108
-5552
7563
-4121
-7053
9744
1674
2724
-8955
-243
6125
-6479
-984
371
-3474
-4081
2988
-7717
5101
-3415
6736
-6870
9635
8041
2671
6916
9856
-3740
7140
7429
-3
7997
-5727
7027
7630
-320
-5910
7757
8750
2497
1381
-2764
3900
-7600
-3205
-1813
-7904
-9340
-7578
7075
-1549
4394
-1537
1532
-5605
-3966
-9911
1998
2240
-2613
-8435
-4558
6663
-4115
6340
7466
8002
-3342
7046
-3660
-6853
-9666
-1069
3314
6750
-4326
-6438
-8809
3803
-3752
3205
-7126
-407
239
106
8721
-2127
1671
1172
3812
8789
-1482
3460
-1736
2833
-5458
-4742
-5209
-3644
-5216
4185
-1454
7559
-5926
3382
9903
8835
-4377
-3492
1507
-4239
-1588
-5158
-4263
411
89
3553
-7512
-9187
-3543
-7712
-8910
-3000
-84
1988
3330
5697
3427
-3650
6786
-4520
-9563
152
6959
911
-3944
1992
-4717
9224
-6540
4489
6896
9451
6160
-6993
4238
306
8557
-2370
6096
739
-6552
6977
5255
3024
-1206
-5837
-4477
-7213
-1846
-7261
4466
5971
4858
8049
-5023
-8654
-8531
7022
-3572
-808
499
910
-1083
-2147
4573
3218
6274
2485
-9282
3129
-6061
-2220
-3304
-5625
9763
9235
467
-9506
-9260
-2447
6270
8725
-1338
3711
2094
-775
-1435
-6812
7330
1992
-6667
2175
9385
-3860
3507
3803
-23
8458
-8975
5310
-8954
-2295
-6746
2972
-5385
-4355
-256
-7005
216
-5288
-5495
-6058
6688
231
-4637
1859
-3827
9351
6979
8305
5541
5372
-9618
-6425
-9064
6908
569
7569
9991
7336
-8628
-5933
-8342
-8465
2277
-6358
8765
-2618
-9352
8411
6537
133
6996
4072
-3059
-3864
9489
2328
-2285
-9899
4944
-1480
8505
4162
511
1749
-2647
-3137
-5877
-9990
-2165
-8717
5774
2104
-4736
-7334
6084
-3064
4067
-3118
-932
-9053
1135
-1710
9258
-3516
6293
-292
-1728
4580
3011
7954
835
-4
9609
9315
-5008
-9494
8122
9882
3181
6154
4939
-8859
-5210
-398
8525
-4616
-4850
4691
-5762
5732
2394
-4355
3353
6724
9816
75
3323
-9878
9582
4560
9016
-458
-2431
2582
-39
7281
6112
-4690
6342
-2855
-4520
-7567
-8020
110
-3042
702
297
5904
-7523
7303
2705
660
8790
1479
3324
-225
3727
-9799
-1702
3422
8811
3136
3606
9966
6531
8546
-2418
-3965
9823
-5512
2531
-8237
3599
-700
8498
-4737
-249
-4841
-8051
-6122
-5896
1948
7320
2315
-1348
-9815
-2588
-2774
-5372
6515
5953
1191
-3176
4015
-9938
5403
290
4432
-8123
8100
-5361
6194
-5338
3797
-2433
5919
-7932
8216
-260
8570
-7663
-2542
4738
-9161
8202
5263
-1597
3001
-7937
5038
-8587
4978
1457
-5191
5733
-4147
5524
1327
-7202
-9896
-4055
1402
9431
5709
-8439
-2315
-1017
2066
4818
-3078
5492
-8311
-4248
5541
-9103
-1609
-2243
7264
-8699
-6031
5876
-1153
-2172
1459
-9458
-5512
-5432
-2641
-131
5474
3663
-835
-2959
-7773
21
-2936
3333
363
9192
-9355
7778
7440
-8592
-4393
7533
-7239
-3179
8154
2398
-8383
9797
4459
9629
6518
1288
-2337
8169
-4459
7153
8862
-9273
-9901
8651
-5671
7878
-5226
7964
-375
-2078
4705
-7335
1371
7343
289
2393
329
-6224
-5583
-6419
-2099
-110
3054
-3208
-1057
-824
-2500
-9894
9148
-6561
-8870
5349
-3253
-6488
-9413
5499
7708
3333
-5774
4689
2247
5231
6287
-2692
-128
5209
-7490
4378
3597
-4908
-8779
-1360
-3131
1067
-536
1596
2390
9183
-1907
-8520
-4829
2736
5717
3200
-3970
-4906
-4212
-4958
-1902
-8871
3209
-2702
7833
4951
1527
-2654
-6460
-2126
5149
1656
6998
-5078
8796
6358
-2421
3528
7398
-114
-7651
-4981
-7387
1710
-9220
3191
3632
7880
8279
5438
4280
9509
-3374
3386
-3444
1317
-2399
-4425
-7727
8043
4676
-451
4450
9940
6522
-1693
-5605
-3229
2865
-8192
4332
-7237
3854
8568
-8398
-1011
2626
-6686
-4086
766
8875
597
-2737
-2299
685
-6881
2318
4363
-9844
9478
-2224
-8398
1120
-1061
5047
-6071
-2992
-175
-1149
7771
7464
-7658
8957
8420
1988
3860
-8539
-3647
2276
-7727
7276
-9964
-4001
-2275
-4278
-829
3889
2789
1561
-6870
-1086
-7874
-1634
832
8311
-9778
1064
9537
-5805
9758
1913
-4222
1765
8461
3060
-9293
-3897
3352
-314
-1355
-1524
-2060
-460
8278
-5032
-3242
-819
7
-7936
-4109
-8868
-7100
9990
-5608
-7976
-260
766
-7024
-8870
5087
-2369
2751
-4870
-5220
-8135
9848
6981
3981
-3307
5865
-1631
-6461
6689
-2507
2614
6029
1222
9553
-3065
5730
3131
-4710
-5702
-1068
9726
2337
7329
-2744
-7925
734
-6086
3609
-7807
-2251
3531
-9154
5161
-2455
-6198
-7872
1132
-8207
6762
8541
-6046
291
-627
-4378
5247
-4475
-1862
6771
2593
-477
-2055
-7406
913
-6014
2389
6421
-1721
5282
-9987
-1070
-5337
825
-6149
2752
3925
5925
-8822
-3223
4950
7816
-5887
4707
-7548
-836
3699
-6332
964
9432
2309
884
-7732
-4277
-8894
-3369
5401
-4405
-6543
-9446
8406
-4323
6213
-972
-4437
5618
-8306
-8720
-3923
8282
-4242
-4637
5838
-7178
2699
6457
8700
8217
5830
4103
9711
-1610
3559
6941
-2650
6785
7608
-5161
911
-8014
6362
2193
37
3177
8597
-9323
-6441
532
-3134
6665
1670
4512
1398
-515
-9756
-1894
9484
162
4686
6803
-6022
-9056
7807
-660
-4678
-2399
-974
4959
368
-5242
474
-9528
2345
-8543
-8168
9003
-5981
-3118
6127
8872
1920
-2148
4680
-604
1396
-4111
850
7642
-9901
-7776
-2848
-6673
5552
-6202
-4603
-2617
6740
-4555
-5854
-3079
-4106
-2664
5903
8270
4944
6735
8954
-4328
-8882
-3376
2117
-4807
6715
3953
9103
-9740
-9705
-4761
-3496
-2575
3216
7511
9287
479
-5843
4907
-8448
9151
-1710
-260
-1382
8714
-3139
3713
-9349
8045
-29
1898
-2996
5290
7501
-3683
-6059
2856
-921
-1811
6216
-7537
8191
9213
-4738
6455
-8996
1734
5564
2758
-4113
-4965
-5385
2203
-2759
2493
7782
-5605
-1944
-2378
-3590
-3970
-3814
3600
-173
1040
5042
1252
6189
-5784
-454
5918
1313
5691
-855
2669
-1758
-2021
-2606
-2331
8471
5203
-893
2414
-2601
9385
-6722
-3899
-3019
-6918
-1266
-8114
-5931
2891
-4354
9669
-4497
-5458
-6358
-6948
-6054
2295
4903
-4354
-9134
-3881
1438
6078
9708
8730
6547
-6553
-9731
-7734
2248
9083
-9957
-2696
7299
-8429
2699
5557
-7867
-1641
5722
6584
5430
-3388
4361
-3710
-6778
-2539
-8365
1640
453
3361
-3246
205
960
9250
4266
-5297
-4761
-5422
3194
6367
-4289
1801
-9459
8877
5406
9675
-6475
1153
1299
-7517
-9659
318
6203
-6394
6288
-6462
-3577
6245
9326
4924
-5736
772
-2135
6932
-1280
-3779
96
6979
-9559
4710
-4610
8666
-3362
3936
-2562
818
6013
371
-4092
-1428
-9235
85
3824
-4387
-6614
-7169
-1016
-6714
9336
6485
7832
9869
3716
1304
2237
-4395
4313
-207
-5655
3404
-597
-9080
-5908
2943
-48
-410
2328
6146
6947
-9372
8561
-3652
-9485
-9811
-7571
482
-2257
-1996
8391
-9049
-298
8012
7693
6081
5324
-3893
9104
-9317
-8964
8678
911
-1893
9875
-753
-3534
-4847
5590
-6831
4558
6200
9443
-4211
-8631
2356
6848
2757
132
6656
1662
7661
-7302
-9530
9254
323
6287
-4093
5859
7856
-8994
-8815
5682
-9424
3094
-2051
821
-1414
-6780
-49
3653
-5590
3362
7388
1038
-5678
-8191
-5521
3292
9380
-808
-6108
6917
8769
-6507
9128
-6874
-7556
-7017
-8177
-1468
-4358
5098
-4488
1925
4131
8288
7562
5935
-6056
7497
-8794
4345
2358
-2927
-3815
-5288
-59
-6452
-3738
4193
-128
5815
5559
7275
6253
-9970
-7514
1608
-5428
-191
-2994
3612
6218
5664
9040
-2201
748
-2256
9167
-6190
-216
4797
-4188
-2243
-4201
7984
9895
8559
9502
8259
7541
6386
-5870
7409
-7536
-8052
5387
5180
-7032
-2387
-5276
-4678
-3291
3490
7105
5501
-8617
-2475
-3513
9952
-2763
-7496
8182
-8338
132
4506
6340
-2699
-7087
2916
2624
3642
5751
1176
6165
-2363
6336
-8566
-3853
7954
-2521
-1271
-8835
-1253
-3018
8868
-1214
5943
-3076
-6998
2667
-797
-3803
2581
-5016
-5172
-5325
-4698
3115
-4349
-6069
3850
6974
-5301
8525
-9703
-1675
1113
4864
7994
7894
-5079
1234
1632
7247
7537
-3721
9801
-7676
9227
3526
-716
-4912
2508
-5380
6603
-304
2254
5672
4733
4657
6849
-3109
7603
-8141
8902
-3885
7107
748
2694
3256
2613
-8333
370
-848
-8287
5594
1522
1313
5997
7722
5351
4159
-1309
-1937
-6874
-6212
8984
-9935
-2001
5573
8242
-1579
1076
1118
-7517
-8136
7222
-1579
5770
5423
5757
5846
1747
2002
-5638
9165
899
3186
9401
6561
-7294
-7228
2957
-111
6090
-6191
-3191
8725
-7745
-3057
-5588
-7376
-9425
-5471
-5394
4601
177
8222
5931
-3744
-8354
-2924
2546
395
4211
-8790
5142
2533
9738
5078
-5764
-3933
-7588
3904
-4401
-5026
8024
-7601
6123
-7556
-625
1453
-9364
3682
-9164
-5864
1213
1849
1127
8875
-7668
203
-3807
-5974
3558
-5976
166
5445
9446
3376
6412
-193
8283
-1743
-5167
9331
-4414
-1880
-2872
-6974
-7907
9245
-4623
1233
3488
-4011
606
-4640
-5161
-649
4067
-2096
1207
-6767
2655
3430
7911
1585
-1070
-8746
-2275
-8360
6552
4131
9228
-3147
-4550
7861
2361
3994
-6313
6515
-3473
6385
-2344
5829
-813
9513
7880
-2857
7129
-7823
-4694
-4151
-7290
-8823
-855
4838
-3145
6494
4268
8269
7313
-4539
6271
5291
6297
1901
3835
-464
6198
-3174
-4612
6798
2334
-8004
-5721
-2667
8916
-8378
8984
1796
-8537
-1880
6580
-8231
2036
2799
-275
378
-131
8812
8420
8763
3785
-5171
-5394
-7684
7542
-5505
4718
4898
8276
1831
3958
518
-4910
-2890
-3208
-2231
1239
8509
-6503
4656
8316
-3590
-5979
-6749
1302
-7635
-6559
-1879
-2494
5470
5242
-6922
-5954
2389
-3561
7237
-4608
9869
-4321
7439
-9147
2931
3468
8239
6129
-1977
-3180
-4288
8364
-1924
-3992
696
4335
-871
3283
-4167
-1706
4356
-9149
2971
-9071
6968
9547
5005
-7920
-7065
-5254
-5687
7202
-6813
6802
9916
-5746
-1629
-3342
5781
1991
2625
-1758
2333
5663
1418
7484
-9847
5777
8302
2919
8237
8614
16
9802
-7066
8096
-9450
-3140
-6726
-1985
2991
-4587
-71
-8702
-8006
1216
-4062
8839
-2526
-9358
-8556
-4603
-3611
-3961
-8877
-1594
-2030
3418
-5870
288
-3306
-9777
4156
4289
8296
-755
7403
-8341
-7382
-957
8932
9974
960
-2245
1527
8170
-9120
2826
-7802
-7452
7345
981
4862
186
7340
-1106
9554
7662
-3351
5181
-9347
8181
4365
-1257
-3573
6981
-3034
8624
-8966
-936
-7403
-2982
2072
-7658
6089
-8539
4669
-1035
3623
9444
-6972
6713
-1482
5518
9952
-7832
621
-6411
-9481
8631
-6515
-3942
-5215
6559
-6800
8173
-2017
517
8931
-5939
-9392
2952
-4825
8396
6306
-2744
3299
-1770
-9973
-6711
7757
-2288
8800
-6745
-9080
2734
-650
-6087
-7671
8432
4431
951
6632
-454
-6765
3139
8585
-5261
-3659
6654
1137
2894
-7696
-6802
-6365
-5408
270
-2200
-659
5511
2517
9253
4342
-6198
1574
9712
8729
-6934
-7458
-6559
5886
8036
3978
-7539
-4474
8910
-3206
-3707
5277
2327
-729
-8557
4631
5734
3168
9391
1503
4667
1204
-4292
8858
764
8437
3597
2643
4826
-8283
-7964
-9789
-1097
8405
8695
8616
-8979
-1255
9459
6532
2007
9745
3594
5252
-6655
508
-2344
7291
2201
1685
7245
-9714
9241
6659
-881
6000
2439
-7100
3769
-108
7958
6710
-3447
514
7675
791
8480
7246
-258
-1104
-6996
-8197
2847
4509
-4183
1950
9258
-2568
6973
5175
568
3088
-3898
-8700
2966
2192
7716
-2644
-4642
6815
-7886
-4773
-4219
-7555
-6352
-4724
780
-9002
2300
5738
-2535
-7187
-9146
9069
-8567
-9475
-7872
634
-7322
-4480
-5662
3739
4008
3447
9662
7861
-2161
243
-7367
-5968
6426
5384
3536
9432
-1778
6765
3511
-4481
-1539
-4070
9063
5628
-7192
1385
7739
5606
1181
-7469
1337
-5303
9587
-4918
8408
-7714
6122
-6096
2087
6437
-7371
-7912
-2739
7928
2330
400
8259
4343
-271
8317
6664
1638
-9341
-3019
3756
9325
9200
3671
4518
-7395
-5043
6171
5445
-8392
-5764
5207
3037
5668
-2280
-3533
2783
9018
6612
2573
-8888
484
2249
9350
529
3896
-9894
-9247
8493
9863
-2009
9881
1891
-2893
1007
4912
670
6113
-1677
-9815
-8114
6171
-20
604
-2459
4461
-5513
9894
9987
2167
5294
-6195
-8383
146
4445
1365
1818
-2520
-1775
-4801
1880
7221
210
8246
4784
-3302
-5485
-5272
7086
8087
1390
-2892
7897
-1737
-2444
-2493
1343
899
-2527
-676
5436
2205
-8393
-3000
3945
-2
8766
8737
-3989
-6430
-2504
5118
9978
9873
7517
-4230
-950
-8863
-8932
7005
-6247
-8980
3930
3755
3546
-9429
4660
-9441
-529
3742
-8020
2169
285
9056
-7078
-3956
5005
-9976
-8616
1211
1980
666
6104
429
6454
-921
-1545
-8876
6452
187
-6438
1144
2203
-9536
9623
-9895
-3615
-3405
3844
7094
-7748
4489
9866
4808
2600
1966
4109
-6531
-135
-9611
9825
-3236
-5291
-2889
-2526
-2087
1694
-7775
2161
1960
-3728
558
3617
2970
8476
3555
-9086
-9529
7185
109
-7045
2459
9071
-1320
1931
4872
-576
5738
186
5216
-1090
-5930
63
4616
3658
-9537
3840
1855
9052
65
3015
3838
-8192
9236
-2923
4558
-4235
5686
7904
-3855
1415
-3362
-1827
-5110
-5870
9393
8950
-3591
5435
-4157
9596
-2984
-8250
-2443
9824
260
-2628
7763
-3470
365
950
7291
-4682
-9637
-6716
474
9801
3466
584
-7658
-5667
2310
1655
-7930
3145
-9968
-6679
4692
5352
9240
8445
-9192
-2422
-1134
-7132
4048
-3204
5875
-8828
-8977
4355
296
-7555
-8523
-3921
-4913
-3296
7792
-9414
7180
-9474
-4240
6138
6301
5609
-5670
6799
5637
-5278
6088
-2593
-5364
5360
-9822
-1821
2361
1844
-2752
-5050
-8182
-4625
107
9799
-6141
-4958
-4317
5337
7602
-7793
-6761
8206
1953
276
-2385
6765
5012
5850
3817
5379
6115
3674
1819
5508
1281
57
5953
-554
9739
-505
7003
827
-5493
652
-9725
-4999
9865
-9217
1929
-1842
699
-3703
3337
-5021
-2165
6441
7560
7229
-8612
4314
-5161
5445
-7628
-7641
-4778
-2759
-2062
-1552
-1677
-2259
4223
-9921
-6221
440
-808
5012
-7981
1614
6294
-586
4965
8769
-6679
-7729
3893
9163
9303
7721
-3888
-6256
7407
4048
5407
-8216
7628
-5195
-2516
-3763
8217
-4185
6626
7965
2671
4422
4937
-564
5979
9185
-9654
-6677
7442
6725
-8311
5041
1147
-4687
-7002
-1241
6980
3858
436
-61
-5870
946
-2322
988
3529
-160
-9050
-2696
4449
8854
-6912
4582
2475
491
-2723
-1372
8616
6398
4514
-9003
-9234
-7794
4044
6954
7947
-7753
-369
-9181
-5118
7192
7925
-9520
-5077
-691
1304
-6531
8819
-8697
-7938
1028
3919
-2068
7026
-2778
-1526
-8458
-3587
-3334
6350
713
4916
846
1132
-9094
-4607
-9556
3249
8988
-2131
-6796
-6132
1927
3257
312
6767
4324
-3625
-7705
-6285
7776
4027
9687
-7368
3405
1904
-4096
3094
-1119
-6434
-4595
-6119
-3526
3554
2028
4662
-8328
8302
-7047
-3700
-4652
-3096
9654
5584
6102
-3079
-4706
9671
-8345
-4912
7415
6701
-9425
5390
3438
-7785
7772
-3483
-9506
6587
7475
2974
-6180
-1753
-4466
973
5655
7562
-6043
-3947
-3742
-6614
2844
-5534
-7082
3121
-463
-5243
8544
5955
-3838
4152
5852
-596
-3467
3779
-2476
-8199
9622
4981
5811
6847
3938
-160
-8408
6422
-2857
-1945
-6740
-6684
-3154
-5744
-6535
-4800
8584
5226
9930
-131
-1828
-7781
-60
-5487
8237
8537
-227
-8570
-9488
493
-6155
-8845
-1667
7654
8710
-7905
9996
6860
-2073
-9110
-9275
4134
-6157
1131
3167
-1925
-7724
-6786
-1976
3212
-3245
3072
4520
4033
-9114
-3701
595
-6791
8316
8264
8307
-3448
4090
-5866
-9223
-1171
-412
-9445
7649
7383
-1047
6581
8249
-2631
226
-2474
-2322
-8019
-1910
-7166
8384
3064
8936
-6932
3387
3730
2912
-8873
-3794
-614
361
8776
5848
5264
-4406
-6328
162
7377
8381
5734
-9306
2024
-899
6335
3326
-6928
7122
228
4036
-9190
9450
-9776
9101
-2756
8496
1479
3334
-7821
-5264
-3467
2017
-8540
9314
5231
7811
-4842
-8569
536
8996
2899
-9079
-5490
6038
8963
-6027
-5435
-3621
3635
4931
-5929
-4379
-5750
-1766
7404
1702
6082
-543
5686
6312
-3262
6318
8632
8759
674
8710
-2922
2482
-9364
-1354
-3372
5918
320
3576
-4821
8628
-4446
-5145
6732
8066
7921
8428
-2695
-6473
6673
745
3866
-569
-5178
-1341
-7288
-7764
-6236
-629
6104
-1831
-7913
-4911
1560
-3290
-4762
-3066
-1224
-4879
4789
-2584
6265
4443
-6751
-1123
-407
498
-459
6338
721
-7293
7973
6906
-7700
-4708
-5055
378
-451
3104
3089
-4423
2083
507
-8835
-3761
-6468
6645
896
7941
-1933
5090
-9797
1451
149
5012
-6984
1473
4447
-7953
9461
-7531
-211
4344
6139
-3315
9052
-4759
-197
2028
-2771
5272
-8936
-4205
8361
4731
8917
8499
-5972
-7176
-4180
3145
-935
-4250
-5818
-2663
-3972
217
-8524
6287
8657
8160
8166
2990
-1541
2495
-9020
8760
-8324
8109
5472
-9464
-7493
9416
-4762
-3476
4921
-3467
-2029
-3654
-2074
1483
-6200
-5819
2813
-2240
-3906
-8182
-465
5529
5257
6527
-2214
3816
-8828
6205
9777
1814
6301
9973
2752
9607
2874
-2522
7390
-4162
-1
-5718
825
9935
7953
-4335
-8339
-5904
8332
-1929
4179
5803
-5473
-8215
-2563
7412
9601
-4453
5429
-9417
-2223
1495
-4587
441
6198
-9562
251
8578
70
8164
-375
7043
-3478
3794
1101
8409
-5168
-4155
1942
3909
-6512
5695
3552
-9193
-8890
9043
-2791
-1262
9943
-3365
-3398
-6772
-2159
267
-124
4298
8321
260
-8269
-6620
914
-3663
-4844
2340
2357
1219
-776
3910
7903
-2318
9773
5117
5974
-1002
-4009
-7093
2093
6144
2236
-2768
827
6878
1629
4088
371
-6377
5629
-1570
-3202
-9057
-9140
7428
4364
-7560
5170
-2950
-2858
-3033
6526
-9689
9645
3194
8812
1271
-3120
-5842
7006
9859
-5098
-5328
-813
-3811
-9891
-7921
1495
-1193
-3470
6010
-7078
-7039
-357
677
4440
-2776
-4929
4880
4490
2727
-8223
819
2598
5698
-946
-791
-2205
-2679
4016
-6024
-4637
7814
-9923
-2278
2699
641
3538
-7619
-9672
630
-4068
1144
7381
7074
4945
-1535
-8176
-9192
-3506
-1528
-6619
2458
-7804
5188
-8810
-9283
4889
5140
1577
3510
170
-5437
8651
7049
742
4055
2300
-5485
9026
590
-818
6343
6241
7382
3558
9816
6107
-3333
9598
-486
-1890
4302
235
9133
9383
5368
2976
-1043
-3993
-507
993
-4199
4674
-7359
-8914
-1738
1493
-725
-8167
-6275
-8039
9592
-1428
152
4149
1277
-8331
6494
5051
-8811
-3586
7327
-2417
3169
-5055
1105
-1556
-302
1493
1078
-3532
-4143
4182
-3061
-1093
335
-4572
6927
2969
7393
-5322
-9548
985
-8131
4825
-498
7919
-2055
-238
8615
-9093
2061
-4427
-3078
-2236
5671
-207
7859
1901
-9435
-8442
-23
2310
-5526
9989
2117
-661
2446
-7060
7290
1372
7564
5405
-8182
4372
3626
2596
9277
5210
-320
7519
-8951
-4759
-9641
-3093
4406
-7300
2627
-2491
3191
-1087
865
-7960
-1581
-3693
-1985
7616
8052
-6982
-9255
-803
8698
6190
1058
-7164
4570
3352
7406
1370
1324
-3750
4539
-4906
-2969
-1542
-3968
9879
-269
9777
-2426
-4610
-1567
9879
-8121
4723
8495
5921
-7426
-1410
6954
1379
-2843
7547
-4224
6281
4038
-9781
-608
-7907
7333
7005
2184
-3218
-5355
668
1454
5051
5361
3083
7594
5060
3275
-29
-5668
89
5707
-6039
3429
2836
7264
-4818
4733
1199
-6598
-2739
5281
8671
-1027
-7126
-2428
7869
-1919
-4072
-9454
4440
8867
-8385
-2944
-502
-5799
-3914
8784
-8539
477
-8666
-7880
-8042
-9832
276
9193
7125
-2491
-5652
5146
3999
2397
-9448
-5715
9423
5080
-1830
7462
-3649
-2483
7550
-9430
-2554
7989
-5135
5117
-9684
3116
7890
8314
8193
-7467
1180
-1573
3057
-1135
-6517
2668
8493
-8344
-1910
-7398
4041
-9195
8490
4236
2690
3776
-6854
-9069
2085
-3276
6191
7649
3100
-2140
-4304
-3496
9574
8626
-2034
-4732
6290
-2565
-9577
-495
-4735
3770
5048
-9060
538
-7409
5018
8766
-8569
-2308
3285
-2438
-3069
-5826
6156
-5226
7194
-8150
-4702
9250
-9499
7504
3249
5266
-5843
2892
1766
783
-6234
-9276
-7510
5853
930
-8390
6431
-6521
-2652
-8834
-439
-7345
6416
3420
5629
2780
-5306
-8443
9401
-8972
-4411
4549
-4322
-5969
-548
3588
-5614
940
-9855
-161
2070
-1589
-7989
7259
-8364
7131
-960
-3621
6031
-3555
-2847
5622
7143
-5330
-7705
5161
-2509
-6844
5318
-8878
6943
-74
6042
7699
9413
-6301
-6061
7336
-311
6087
898
8127
-1590
-2558
-2418
3670
-1677
-281
9013
1938
-8859
2735
3576
-7232
-5838
-7894
469
5640
7315
3279
-7456
-5689
9767
-7087
5244
-7041
-7460
5987
-8323
3317
8136
2923
3644
-9915
-5881
-3100
5619
-9748
8741
-8370
6681
1809
-7411
-6578
1833
5527
6485
5006
9282
7651
7194
-3976
-7678
4875
-678
9850
-6331
-9461
467
279
-1050
4571
-2941
-8343
5756
3727
-3256
5204
4106
3594
-8640
4776
3004
9524
-4586
-3492
6599
7676
2395
7920
-4870
5977
-3298
9597
-8364
2555
-3329
-5039
7284
-9193
-1637
-5504
-2441
8705
6659
1466
4115
-7737
368
-1550
3225
265
-20
5317
1801
-4627
1365
-508
7679
9139
-2151
7540
-302
6413
6519
7553
4521
10
3749
-552
-4714
8173
-6818
-1961
8374
-6011
8638
8195
7764
-7506
-1455
-6911
1840
-9845
-4181
7192
-6364
-864
-799
4551
494
-8674
2179
-8348
3290
3535
1768
-1747
-226
-3711
-9820
-187
9153
3292
5233
-821
-3682
8803
6660
8402
-2221
-1240
-7610
-4856
-9463
8787
3319
-4141
-4648
-5851
-3016
3457
3654
507
9232
-9806
-7218
-8979
9664
2372
-995
-9839
-4267
-2745
-6691
-7787
-3292
-4349
-5557
4781
831
8380
989
-4986
-4537
-8536
-9820
1622
3127
3916
-5948
4086
-2134
-4874
3613
-2273
3354
1256
-7330
-7913
-7783
5604
6
4589
8171
-734
8729
5106
2004
3249
-1364
2882
8857
-4793
-7087
-7246
-5993
19
244
1374
-4462
2785
2512
-1320
67
-2834
596
5135
-5790
-280
-4948
-9516
4185
-119
3017
4162
-8456
3715
-9616
-6017
7932
-5253
1259
6726
8597
4968
7610
433
-2460
8498
8260
-6546
5697
3069
-9498
5321
-3346
6275
-5155
-4134
-8687
9693
-3145
-6229
9010
7044
19
-4308
7784
677
-4088
6705
9736
8388
8808
-1171
-1067
-3017
-3441
-2838
1584
332
-8666
-5703
-2968
2443
-8885
2422
7266
5227
-5985
3994
-4511
9395
1615
9985
1695
-3876
9903
-3141
6391
1952
4668
2416
-8916
-4603
7459
-896
3944
9864
5683
5921
8188
-836
-5729
-5729
3322
5651
-7506
-4062
-5244
7949
-4089
4717
8407
-5930
-8670
-8096
2762
-7928
1415
-9496
3960
-9992
3795
1868
-2125
-8199
7948
3109
-3114
-4389
5707
-9564
-4531
1455
-751
8943
-1226
9445
-2754
-7824
2077
-4311
-7549
-7956
-4056
2817
5790
-552
6912
-1879
-4743
9431
-929
1362
-4941
7191
3421
-4954
7003
1352
7973
7736
-7759
7587
-4704
8683
9491
-6136
-2943
5402
-5597
1360
7894
5711
-4031
3386
-7936
1108
-9091
6281
-1728
3812
2993
-6268
6458
-3063
-7381
1560
-9704
-8685
-8397
1989
-9374
3886
-4750
-190
-4700
-9203
-5312
-9687
4807
-2202
-2670
-5181
-1150
-9092
-8188
-5649
-8966
-1278
-9476
-6516
9101
-3038
7829
2054
-1279
-4425
7399
-7855
6212
-5439
5802
-1485
611
-188
4465
8978
7612
2459
-5263
7519
-5673
2058
-9845
-5513
8882
-5660
-5243
-5317
8156
6011
5430
-1462
3343
-8577
6738
-5731
6049
4438
-4526
6715
-1939
-8986
8307
-3307
4184
5556
2727
8657
-9146
-5316
6521
-8476
9508
7491
-9329
2799
6984
-8124
-4084
-6784
174
7049
-8936
-8167
-9667
-6792
-3169
2891
7944
-2825
3736
1136
1517
-5574
-473
8483
-2625
-7169
2081
-804
-8708
-2879
6079
-9940
7909
-7691
-3297
9347
8711
-6550
-3045
8467
-6931
-7221
-5623
-2659
-17
4572
6063
-1579
-4980
-2619
6353
5706
-192
-3559
9153
8588
5802
1512
5948
-2927
6537
6080
6913
325
2809
825
-7717
9829
3671
4115
9781
-350
6518
450
150
560
-2104
-9807
-9282
2538
-5000
-419
-5224
-1453
7052
-4928
-3870
9910
8386
7965
-102
-3852
-5656
8909
5410
3930
6179
4242
4245
3697
7386
-6833
-3545
9100
-4689
4438
3243
9237
4021
-328
265
-7933
549
-3607
6217
336
-1893
-2940
2595
-4010
-835
-6284
-1397
1632
5203
-9794
-3866
-4350
-7498
-8944
7360
-8022
-2763
-1442
-4212
-9438
190
658
7214
1992
7376
-2139
9683
-7481
5702
8605
-602
-1794
-9923
-8607
5292
8823
-5243
8362
361
8842
6105
-2872
8263
-1155
-5942
-7223
5337
-8708
7673
-2741
-2406
9754
-3834
8869
8319
9918
2487
-3635
7460
-6642
-8722
4902
3620
751
-5664
-947
-386
-5253
-5599
-6455
-4508
3409
-5869
9976
-4918
-2466
-1217
1003
7023
1269
9193
1792
9706
8855
9613
545
-7457
-3887
-8961
7492
7421
7762
6994
-9285
79
-1830
8215
6864
-2425
6737
4346
-2230
849
-8204
5277
-8428
-8619
4773
6488
-8847
7724
5382
-21
-872
6616
7910
-4628
-3682
-4087
-6049
512
5374
4485
3416
-795
4204
8428
-6098
6547
-207
9363
-5144
-3472
-53
-2742
3229
9643
1784
8683
9398
2106
-49
820
6504
-8728
6348
-5513
-2907
2364
557
-5300
-9120
7515
1434
4973
-7349
9426
323
1329
9335
-4652
5533
6883
-6664
-7175
-1333
9554
5520
5127
-1793
-4134
-8864
8008
3676
7653
8673
1324
-4407
-7545
1308
5174
-6839
-5993
9441
-9631
-1676
-4475
4631
-6575
6534
1739
4527
-1587
1000
2653
-6398
2430
-9844
-6615
-2897
-5901
-1686
8928
-6720
8317
-4584
3930
-4296
9204
9542
6725
2492
4843
-3237
-9713
-872
9580
1278
-7665
-3657
8240
6928
-7381
7233
6930
-9622
-181
-7904
567
-3302
6245
-5213
6264
4233
-2670
-3295
-824
6696
-7266
658
-3559
4100
4716
7270
7560
-6425
-585
9547
-949
-1604
-6674
5087
1627
1166
-6866
3557
-814
9159
-1385
7739
-2304
4196
9024
2024
-6870
-9573
7677
-5464
-9574
3825
6090
813
-3811
946
9870
3568
-5566
-5756
3956
4546
-5165
9601
-9117
4725
5818
-7049
-378
-1281
-3541
-7261
-2586
1461
5966
-55
-8196
391
-1316
2116
5875
-290
576
573
-3939
636
51
6872
5716
-6701
5453
3288
-1000
-4219
-4102
5433
-5086
3011
-1442
249
-3508
-1748
1917
-7390
-9828
-2016
-2430
6831
-2776
5634
6413
-602
-7616
4996
6991
-8157
-1457
-3723
659
9041
9952
-5512
-9694
2380
-3184
9599
6532
-1626
6550
-8724
2712
-8930
-4455
-3051
3072
-4694
6526
8012
-9423
6299
9352
3898
9514
8091
5646
-1890
6042
6884
-9778
-4967
3346
-3872
4402
8097
8380
-68
-2924
-6455
-9198
9433
-9832
6330
9925
8110
8498
-1549
3102
7080
9844
7530
-2659
4442
-9173
3537
-6075
-5620
8629
9946
-935
7816
-5374
5904
-1961
8571
-9368
6511
7587
657
-7805
9029
-8842
1711
4716
-8249
2944
-743
-9202
9206
-9247
9306
1974
-8066
-2914
2589
7095
6352
3351
-2324
330
-4532
3020
9095
-101
3010
-9290
3390
-821
-4251
-1179
3426
-6626
5106
-464
-1321
2640
4118
-2232
-8126
-5478
3558
-1541
2089
7827
6256
-6084
737
-1789
-2557
-3003
350
6798
-7724
5973
1010
3632
-4152
-2180
9510
1640
-148
-8833
-9461
2266
6639
189
-4493
-2896
-5288
-3295
4986
-9112
-562
6280
4713
-6696
7825
6173
-9952
6908
-338
1257
-7497
549
215
-4484
-8095
-8547
-1972
2758
-6749
-1869
4701
129
7605
8295
-7857
3168
1830
-7520
3240
3060
2579
-7112
-4383
4374
8522
922
-116
4116
-7131
7986
-4574
7732
-1440
574
6531
-5860
-8519
1416
-128
79
1231
-8392
1238
9729
7528
9573
-811
6677
-3263
7824
