3852
-68
-27
12
-8
-31
-61
95
-67
90
4
-34
-34
23
-36
-34
7
-5
-87
-31
5
98
-75
-73
-64
80
98
99
45
-93
-15
86
-54
52
22
-40
97
-64
78
21
28
35
75
-87
75
80
21
-11
45
79
42
-43
13
-11
-25
-39
30
14
68
-90
-72
-90
-47
-15
-80
-40
-29
58
50
26
26
25
38
-23
100
-30
-64
-84
33
28
-46
-90
-6
94
-47
-92
57
87
36
30
32
-41
-35
79
-9
62
74
88
-1
-33
-99
60
44
74
27
-99
90
15
66
29
-58
91
-60
31
25
34
82
75
-30
-21
66
-37
49
41
-67
-95
-75
-25
3
-37
79
-74
54
44
38
-47
-73
22
96
-59
-62
78
88
-87
44
57
-12
45
88
-2
-72
-61
-73
64
27
2
48
72
-59
91
-95
79
-81
64
-52
-24
35
76
-95
84
-14
8
-3
76
78
-5
-20
-100
45
12
1
-50
-99
90
8
-56
-29
60
63
-68
-24
79
-96
-89
-54
93
78
13
-35
-6
91
7
41
-31
-71
74
19
18
-55
-78
40
-44
36
-54
100
-27
-40
-68
81
-92
24
74
34
76
52
-93
-50
54
-85
61
-85
50
70
-61
-64
-47
80
-41
-13
77
33
19
-70
43
57
41
3
-54
11
67
37
-42
-45
56
20
-35
-13
-67
-23
25
-3
-73
38
28
-85
18
-78
-64
-67
100
2
-58
-57
22
100
97
-97
-95
70
80
-63
32
61
-63
69
-52
16
51
-93
40
-88
-26
25
-56
74
-30
73
-65
-6
-1
-93
19
44
27
83
-40
13
51
68
-34
-66
-45
-85
28
-46
75
-80
-88
2
70
-82
83
-52
84
58
32
84
-40
-21
-35
-19
-82
-74
2
57
28
31
87
-60
22
-49
-89
93
-17
0
-3
98
53
77
88
-90
4
16
-24
63
-14
-4
18
-70
34
-56
-83
5
87
47
63
26
45
-5
-3
78
-47
-84
-68
-95
-65
57
-95
-25
63
-1
26
47
-1
71
66
98
50
-99
-50
-38
8
88
-59
16
-13
0
-54
-37
65
10
58
11
74
-65
-81
4
87
-40
46
-13
-94
59
92
16
-69
12
8
30
89
35
83
100
-40
45
90
25
-15
-83
-83
100
68
-63
12
15
-43
-65
-16
-63
-4
35
-57
28
-92
48
71
-22
-56
-78
58
-38
30
87
7
-2
-47
-12
19
39
7
-63
30
19
46
-77
-79
-25
62
20
84
1
9
-5
-30
26
-73
54
18
25
-73
-3
-59
-74
46
-63
-82
-21
-5
-78
-97
-45
77
-83
7
-7
-29
49
63
21
48
-9
-55
-61
-91
-14
-57
-83
-98
-4
72
1
56
-62
-95
-56
-1
-20
-33
-69
-96
6
19
78
20
-16
29
23
45
53
97
92
-88
-3
85
0
37
-24
-81
-32
-63
71
-4
20
-13
-64
91
9
-83
-43
14
20
-26
-96
-91
-96
95
39
-57
-32
39
83
-66
-7
-4
13
44
61
10
-9
2
28
-62
-43
5
4
85
90
71
72
21
-28
-98
-67
50
-1
-45
68
76
8
35
29
54
12
88
-35
-4
-100
21
-10
7
-44
45
-71
-30
-74
98
-60
26
89
-76
-82
78
-85
-7
-43
77
-85
-84
-26
20
-14
-78
53
94
60
92
29
0
-87
-26
-35
-97
91
15
-93
79
81
-79
74
-93
62
-90
57
-34
93
88
60
-48
20
-24
85
-27
-7
-81
-45
-49
43
-88
-69
-13
-11
96
96
-39
41
43
12
89
-28
-56
13
6
87
20
-10
32
11
47
60
-12
-11
-42
83
-39
-2
-43
51
22
-63
-42
44
38
43
-39
11
-88
-48
22
-4
47
97
-42
-90
-20
-35
10
-51
-23
-76
-21
-1
-50
-100
-36
58
-22
-1
-89
-41
19
-67
32
-64
33
-41
89
-51
24
58
-40
-32
-80
-53
-22
19
-61
87
34
84
-43
13
-4
61
97
40
-63
-5
96
-75
-70
78
63
53
91
96
87
-28
35
94
20
70
-47
62
-56
-81
8
98
-96
59
12
-47
-77
0
-73
48
13
-24
-4
29
-50
-16
-48
-51
87
-72
96
-65
-49
41
70
-41
76
-80
54
-95
47
-17
-2
20
-24
-33
-96
-65
45
18
-86
6
-36
-65
73
85
10
-12
-99
-29
-13
75
-58
-86
88
-45
63
-60
-99
-77
18
91
69
-35
47
-91
30
-21
-24
100
57
33
-91
30
-21
-1
-84
57
79
15
99
-5
37
-19
-95
-64
-50
46
-100
71
35
-46
-66
-77
41
-13
10
-41
-88
61
-93
-18
28
-42
-48
-97
-77
-98
52
-82
-20
96
88
84
-66
-13
29
61
34
-75
63
18
10
-42
20
47
65
77
82
32
-41
-95
-14
93
3
-8
-72
-65
-65
-84
-49
-25
10
45
52
21
68
-30
42
40
-90
75
-10
-14
-39
32
23
-37
13
-39
31
8
12
42
-60
67
55
-81
50
80
19
-95
-33
28
82
-26
85
-42
-52
9
-84
34
-22
-14
55
-29
66
21
-98
62
33
68
96
56
-26
70
36
-51
31
55
46
-69
52
-34
54
-24
80
-30
94
-52
-7
28
89
-28
-85
40
67
-20
58
-8
-18
100
89
-4
17
-60
-11
96
87
-37
-18
-25
-69
11
97
-51
-71
32
-90
93
79
-67
82
-67
52
-47
-28
15
-81
84
-50
13
-21
-36
68
69
54
-27
64
7
-25
-41
-32
6
-70
-25
25
-48
67
32
-21
45
-15
-57
-17
-54
-65
-44
77
-11
-65
-49
-74
1
61
-23
-38
19
13
-70
-45
-58
-44
68
-20
79
-80
27
86
18
-1
81
66
-1
-42
-79
-31
29
72
65
1
37
4
21
82
50
-47
65
-89
12
1
-50
47
-87
28
87
-89
81
-89
-40
-41
79
42
-49
-76
-58
98
-48
79
-81
-59
43
-28
-19
16
87
-91
-10
62
-13
-99
-83
-28
5
-60
-32
-98
-75
78
35
0
25
-12
76
78
99
27
72
53
64
-68
41
-41
-35
-21
78
-61
78
-81
6
17
21
45
-22
-8
-45
-24
30
-80
-52
-71
7
-76
0
-15
-8
71
-73
90
-46
20
30
9
69
91
-98
-35
-64
33
-11
9
-54
-78
-81
56
-82
85
-27
84
48
-53
-30
-87
7
-38
67
76
-43
-30
12
-50
-44
-28
-12
-85
81
71
-3
-9
33
-82
-10
-80
-30
2
9
-97
76
16
-100
-63
-43
27
-2
-69
-84
-94
-52
-72
44
66
-55
79
52
-53
-23
-11
-42
67
-26
-3
-50
-55
-30
91
-64
62
-52
-38
14
-98
61
-20
-81
-2
21
84
-51
-89
-43
-10
-51
-77
6
-10
-85
-96
52
26
75
-30
-96
29
-55
-30
-10
94
-84
-5
-88
50
82
-51
69
-57
-28
97
100
29
45
59
-100
-8
-54
67
-60
42
-57
74
61
-20
-76
-69
11
68
-100
91
29
-89
88
54
24
97
38
94
-53
92
46
-27
82
-86
84
16
68
90
58
24
-90
99
38
-24
-35
-87
21
-64
56
27
-94
-96
-59
78
-64
58
5
95
2
37
-20
14
-97
-12
85
-96
-88
-75
44
61
46
-22
-94
39
-8
47
73
-50
-83
70
12
-64
6
-93
3
72
-80
-68
9
-1
85
-40
-33
31
94
-33
82
-19
-91
64
-38
-23
-22
0
73
6
-94
78
-60
38
-91
53
42
-25
-58
-55
-34
26
52
-18
-94
-18
58
57
50
-48
12
63
-18
22
-90
90
75
-63
-70
-28
-5
84
-7
-48
-98
63
89
-12
-36
-94
-2
6
-88
-13
18
-11
-75
-58
12
-39
-80
48
57
-46
5
-68
-64
94
31
-35
36
-85
-75
-11
32
-1
79
-23
13
-31
-50
90
15
-21
9
-60
-19
-65
8
51
-3
-37
-99
74
-14
50
99
64
-59
94
100
71
-30
82
-100
57
-58
-32
88
52
24
-41
10
38
92
12
5
4
-46
93
-14
82
37
-52
93
100
-94
-87
79
-74
-100
-47
0
71
14
69
49
77
66
-31
-20
68
-70
-11
29
65
-59
29
-42
-5
-19
29
9
-58
18
36
-86
-29
-65
100
45
33
85
-5
13
14
33
-87
-77
-91
35
-74
15
-83
75
-65
15
-30
87
23
-94
50
-36
-12
19
-82
70
74
26
95
-26
97
58
74
88
68
-89
-7
99
-55
18
-94
22
94
90
-9
-18
-96
-39
-92
-71
-87
-23
16
-41
-59
22
73
36
98
21
-38
20
49
24
49
-58
-76
73
-30
-75
37
32
-94
76
43
2
-76
41
46
-58
-79
26
83
97
44
-40
66
-7
63
11
78
-18
-31
7
72
-55
-33
-63
35
3
80
-59
41
7
24
77
84
-23
-66
-77
68
78
-74
-44
-49
-2
66
87
-47
3
19
-51
-94
66
1
-79
-95
18
-19
-87
64
11
-55
64
28
-74
-79
66
100
-55
-3
67
-93
-57
-69
48
48
-36
22
61
-2
36
87
-87
-12
34
81
-51
42
35
-35
18
-27
80
22
70
18
93
-25
97
83
-26
-93
49
-77
-54
-79
40
-12
-90
-6
99
94
-79
43
32
-44
-62
13
-42
27
25
-20
88
56
54
45
15
-3
-33
-25
-14
-7
-46
72
87
79
-13
83
15
95
98
58
-18
-27
54
24
16
85
46
58
73
-83
-9
50
76
79
56
-66
12
-86
-49
-21
24
-39
-55
-85
-32
73
-21
5
-68
-54
-97
-56
24
5
-61
-50
-98
-34
-30
-12
-31
-28
-90
-28
-10
-47
-54
-75
-83
-84
20
98
-9
-58
-21
12
32
51
16
-56
-68
97
-48
-67
44
93
86
27
-74
-97
-15
10
1
27
-8
80
-9
94
84
-29
56
-48
-82
-22
99
44
90
-2
-82
-71
5
-18
-69
-54
44
-60
-93
54
-89
-38
81
-45
-91
8
21
79
-47
96
-76
-5
97
61
53
-65
-20
98
67
2
-36
-24
18
-4
-3
-48
-26
88
-23
18
-7
65
-15
59
84
47
-71
90
9
29
43
64
-51
64
41
9
-69
-42
-34
91
-54
-54
-80
-86
17
65
-5
-98
-82
53
80
-98
-9
-93
57
-66
26
100
96
57
-51
-16
-60
-3
-54
-93
50
49
64
-63
32
16
-65
-54
59
7
37
90
71
-74
-29
95
74
-89
82
63
62
-17
-2
8
92
56
85
-50
-62
23
18
88
10
47
58
6
-71
96
24
-82
-47
35
11
9
1
83
54
-11
10
59
25
74
81
3
-41
13
-28
-44
14
85
-81
19
7
14
-72
86
-45
-18
-41
93
-1
-75
48
27
-73
21
97
55
45
64
-84
-22
-53
71
-19
-2
-15
-72
-48
23
55
-3
75
-100
5
-6
-96
-37
-93
99
-55
3
71
-83
28
-49
21
-34
34
78
20
20
-91
64
37
39
-13
45
52
-91
-50
69
-27
-13
92
39
-81
-56
42
-52
-71
93
54
-22
14
-67
-64
-6
-3
-45
-56
33
-46
49
-61
19
-44
-65
-70
16
-95
73
-76
-85
-100
-78
-69
-32
-100
-61
-15
40
-34
-83
37
-92
-19
-80
72
4
66
57
15
-26
17
86
-74
22
-70
-39
41
-46
21
91
-4
31
-100
-99
-84
58
-51
42
100
-49
-58
39
-49
-82
45
50
-2
53
-29
-96
78
83
32
65
-76
-97
13
54
-55
81
58
-35
-70
12
-97
-76
76
90
72
8
62
-1
-4
37
81
-92
-1
44
96
-12
22
-88
-72
-22
-67
-74
-44
98
-27
-3
5
-30
100
-49
78
-24
77
-41
-36
13
64
-87
-97
66
-39
-55
-54
20
-19
-80
59
-96
-24
41
63
77
-72
54
-2
-52
57
-50
-5
50
74
32
87
-43
-48
27
26
50
58
-87
-17
6
-71
-96
7
-90
-13
68
-99
29
41
-21
11
-41
-70
-31
59
-59
-37
50
90
-99
-34
-12
30
-85
-24
-64
92
-73
-62
7
-19
-38
25
-71
-17
90
68
20
80
17
-33
48
-2
46
32
32
63
20
-26
18
25
-61
13
-28
48
73
4
-61
-23
-86
-85
-36
-86
-60
23
7
-82
-25
89
-53
-19
86
74
29
-75
-15
-30
21
-97
44
9
-52
-35
-60
-25
99
28
73
79
-69
-88
-99
84
-27
-66
30
-7
-26
5
87
45
60
-87
-12
-14
75
41
-32
-55
-48
19
-49
-46
-87
47
-81
-6
25
27
-8
-45
35
-61
-23
-70
-58
34
-82
-95
-70
88
-34
29
-100
-53
48
33
-36
89
32
29
8
-21
75
-30
-67
40
-46
-8
-21
-94
87
-98
-21
19
-31
66
38
75
-23
-68
-4
-5
-67
-63
34
-63
89
81
-38
-82
-77
-96
-13
89
-2
67
28
71
-87
-48
38
-2
-71
49
-93
70
79
30
-5
50
37
-38
-51
41
100
31
72
-76
-64
-68
-57
-5
50
-21
-55
-43
-42
57
0
-50
-1
-89
-66
72
-37
-37
8
-21
75
62
-87
-19
-33
-79
73
-8
30
8
-60
4
5
-38
-34
26
26
-16
-64
54
58
-13
-25
1
-13
-78
-69
-25
39
-74
-42
-4
-70
-30
65
-62
98
-25
-8
-19
59
31
70
5
-90
-11
-2
-74
-69
-22
-97
-55
39
-84
-44
18
-55
15
11
52
-48
86
52
92
17
42
78
84
-73
36
70
82
61
54
-27
14
75
31
55
3
-91
-96
71
-86
79
46
47
-67
67
-100
-45
38
-100
2
64
-92
-13
92
49
39
-22
-70
30
-54
23
-8
45
88
25
26
-15
-48
-41
18
-4
-57
35
-69
-23
53
-61
34
1
-48
-90
-72
69
80
-19
-5
-39
-16
-65
-98
50
-52
-34
-83
20
-62
-13
-8
5
8
-37
27
52
-5
-42
99
-84
-30
38
70
-84
-48
-10
20
-51
39
34
-15
-46
87
89
-62
-99
21
16
15
1
-16
27
68
-69
7
11
38
33
-70
-20
48
-98
-78
24
-37
-93
-39
-70
-55
-92
80
-82
62
62
8
-56
73
55
-53
-59
-49
-8
24
32
-22
82
-20
24
12
3
-98
16
6
43
-64
65
-11
83
-79
84
59
-98
10
27
81
-67
31
-14
-66
-51
85
-62
-52
-71
20
91
97
40
56
-2
-38
71
-61
6
53
35
29
13
91
26
19
4
0
94
-84
-49
25
-29
60
-87
63
-54
2
72
-97
-68
-68
-13
-25
86
42
65
-10
-87
-67
61
-30
85
24
77
-76
3
74
-62
-77
67
-74
-38
50
-80
2
79
-71
-24
-75
-21
-22
91
0
-30
-63
73
-19
-67
64
64
-38
60
-13
-23
33
82
96
0
5
-23
-28
16
81
-19
80
-93
12
-52
27
25
-81
-68
49
37
87
-60
-94
-80
-49
-60
26
-18
-12
-72
-62
49
-84
40
32
70
-43
85
-8
71
0
4
-100
30
-93
-69
85
-15
29
-97
75
-24
81
-8
-70
-11
-34
86
-95
-91
-54
-73
90
-14
80
98
-21
-23
62
86
0
-99
96
12
18
36
-55
18
-71
-8
33
-83
-67
28
65
88
76
58
9
-3
-44
59
52
52
88
57
12
-17
-74
18
10
27
-74
93
70
45
-87
42
57
-63
27
30
33
-34
22
26
-20
8
71
59
41
54
89
70
-69
-57
-39
21
-8
81
-93
90
76
62
-65
49
-15
41
-4
-64
27
-9
-40
76
-87
6
4
-30
-78
-89
-8
-46
-52
-87
-24
-34
28
-70
85
-67
-66
4
38
-3
-78
26
23
-57
79
-79
-15
70
-89
-40
55
-36
-85
64
-71
17
-93
81
-54
-46
-21
60
31
-14
-73
-16
68
-50
38
-4
-63
-89
-48
-19
22
15
38
-70
16
5
-60
52
-42
-35
99
-11
-76
6
-4
69
58
-85
69
-34
-43
-33
92
-28
-22
81
87
-76
-54
-74
-62
62
29
-63
52
11
-33
-37
33
-33
55
-92
19
-43
-78
34
-17
35
-55
-66
-30
-54
47
2
-71
-85
-38
37
-89
-77
-57
100
-11
83
39
-70
-1
-39
-20
7
89
-38
68
95
-70
-23
18
13
35
43
42
81
61
-36
65
71
52
-11
-92
-4
-81
16
-17
29
13
-46
5
-41
-40
-20
50
84
18
-26
-67
85
54
88
-77
-88
26
40
48
-28
75
8
-44
-21
67
-71
-24
-39
0
2
-76
-15
-2
14
86
-55
-89
63
54
-31
-43
42
-89
-46
-20
95
44
-20
94
-92
-8
-36
-18
-17
50
15
-57
-83
-9
-19
-69
-32
44
-91
-59
-68
67
92
-41
99
-19
-89
-99
-95
2
38
97
90
94
-78
25
-75
-45
-12
-53
-11
87
78
-52
-63
44
-92
46
82
39
-56
-69
-27
-5
-77
74
30
-20
-93
-5
-12
-38
-31
30
-57
-65
-67
-85
-31
-68
-54
-58
-22
-25
-28
91
-16
-15
61
87
-95
-10
-74
63
-100
15
38
-62
-99
27
-40
65
62
-54
9
-8
-54
31
36
-76
-11
-44
42
24
-54
61
-78
-33
-46
-18
16
-20
-10
-89
6
4
63
-74
4
-54
93
-55
34
-77
76
33
-3
-61
-28
-71
27
-10
-100
-28
100
86
-15
-41
-81
-5
-45
24
-68
79
-41
30
85
58
69
-37
-91
-20
83
66
-44
-2
-4
-70
-22
92
-86
45
31
-27
-88
8
-83
29
6
49
-94
54
-43
-48
22
-33
3
57
26
90
-33
77
95
-13
-78
-10
-44
31
88
-8
43
-57
56
-60
91
-78
-16
42
-88
-14
-7
76
-73
-97
-57
100
9
24
56
-74
-92
-27
-46
7
1
98
72
40
-56
-77
-100
53
-2
10
-65
-14
52
-32
-10
99
-74
-49
-65
56
-34
29
-41
51
-49
39
-42
47
-61
-40
39
-94
-68
61
-58
-82
-56
83
36
-18
7
28
-8
0
64
58
12
44
94
-21
-94
-57
77
-22
73
-53
-63
-35
-67
85
-25
29
84
-5
-76
21
-49
73
82
-56
-27
11
17
-30
-3
73
53
-9
16
28
40
-8
-80
57
-54
-42
5
90
55
94
15
64
46
47
-35
93
91
-17
54
22
87
-12
17
-21
-76
-81
84
-91
73
40
99
-52
-82
14
-39
46
-61
92
-21
-15
24
-16
7
84
18
-86
-34
4
86
-80
-25
-67
62
-39
79
-39
82
42
18
-49
15
-42
79
74
-29
-100
16
-47
-100
60
-63
-95
-97
-45
41
-74
-4
79
3
95
96
54
20
-46
-84
8
-44
-75
59
-99
85
55
74
78
66
1
1
-37
-56
-7
28
95
58
21
-32
-83
-88
-52
55
-74
-51
-92
85
-47
-61
-71
81
-70
55
-56
81
-9
24
4
93
-64
29
93
85
87
-15
-2
-5
-38
47
-99
39
-41
3
96
81
64
-1
-1
-94
-96
50
-42
-45
33
-94
4
37
54
-52
-3
-65
-93
15
76
-14
47
-25
-39
64
-48
46
12
8
-20
-90
-78
46
45
-71
3
71
94
31
-33
0
23
-46
-92
98
-51
-85
49
83
44
-39
-77
34
49
59
19
-38
43
9
-85
-53
-51
89
61
-92
7
-92
57
-52
-37
36
15
16
-33
20
-25
35
-22
61
-92
79
89
-8
-33
-90
-30
-75
49
15
25
5
79
-11
-74
71
53
-86
78
-49
31
27
63
-8
20
-37
59
-44
3
50
-38
27
76
-95
89
-75
-42
-9
74
-54
-74
-96
-28
-79
-58
-61
63
-77
12
96
91
-100
10
-18
-30
-40
-91
-59
-71
36
0
59
91
-44
24
-56
-13
43
2
-87
-40
-87
-72
81
70
66
-53
-99
13
8
-9
-79
3
-7
56
98
38
51
-3
-44
-40
30
-50
90
19
-26
60
-73
60
45
-33
2
-30
-35
57
32
-52
-15
-38
82
-84
-77
36
-57
33
99
-28
47
-36
26
73
-70
100
-71
42
63
-58
-81
-86
35
4
-87
91
-80
69
4
94
-90
-46
-84
-4
69
3
74
1
13
22
-17
91
74
-98
4
-50
-58
-93
-73
-79
-96
48
0
-92
34
-76
-48
8
-19
93
-68
-28
40
92
48
72
4
40
72
-73
1
48
-89
76
-99
-29
-33
13
30
72
-81
22
-2
99
-71
99
80
98
-5
-79
48
29
-83
-80
-99
63
-67
-98
-12
10
17
14
-77
-70
53
-29
79
-91
-16
78
16
-46
-22
-84
-24
35
99
39
-39
29
37
-1
-5
54
-43
-84
-70
73
-92
35
40
-99
-17
-21
-39
96
-11
-4
-62
-85
90
-78
42
91
-11
52
-31
100
68
-23
