3698
-8438
-4512
9838
8220
3001
4085
-4378
-858
8087
4073
-3268
-5192
-9725
-7716
-1091
6671
5997
1276
1401
3121
-240
6208
-6310
-2104
-7602
4986
-775
-6913
-4175
2258
-7397
2399
-169
2352
-8849
3383
7216
-7028
9110
-1002
-6681
4160
7450
7307
9336
4392
-7246
6584
-1477
-78
5777
3673
2861
-7644
-7751
-5588
-4711
-1940
9700
4221
8450
3113
1572
-8040
9773
-7899
-983
-4556
-8925
-5001
6291
3040
-5377
2194
-4526
7731
-84
-2534
-9611
-7177
-3754
-1211
-1348
-9688
-9695
-258
836
8554
3747
6621
904
-198
8452
2112
-8475
-4110
6408
5191
-400
706
-8253
-9329
-343
-9784
6827
5657
-7199
-2214
5047
104
3196
7620
3237
-4336
-246
8019
-1430
-5668
-5658
-3659
3955
1627
3705
-8602
-1791
5130
1410
1946
-4165
1498
1686
-2513
-9950
5140
571
-8752
-4010
7277
-3335
9593
870
6556
3347
3458
-9104
7755
-140
-265
6247
-7764
1635
-8406
4857
-9023
81
-7777
-8819
8721
8758
9632
7787
-2953
6310
-9123
-5969
161
-7334
-623
-9258
-8765
-4664
-5432
-3672
-6672
-243
-4202
-2836
3390
-6721
-1406
4286
-5121
-7554
-2444
1964
-2178
3988
6746
-7243
-1087
-4947
6474
-2006
9884
8609
71
5878
-4418
2255
6160
4717
1306
-5376
5703
8689
-3582
3356
8291
9726
-2780
6179
-4089
6496
-5604
-4637
-3235
4579
-8422
-7540
9000
6856
-7978
7317
-9903
-4265
-4532
9638
6115
3105
5596
-1294
-2599
8950
-733
6627
478
8461
1913
-5289
9211
-2474
-5783
3820
-3710
-7141
6764
9641
-7894
-9848
3690
4872
-4045
6849
8178
-8050
1714
1101
8035
-8400
-4807
3870
-2399
2392
2797
-8640
-2644
9893
1850
5704
-416
-1768
1316
-2564
-3723
73
5463
-2644
-9625
1308
5074
2436
-9778
-1429
-6256
-8559
-7737
6272
-4278
-2120
4972
7421
-8521
-3873
4628
-4473
3429
-4983
-6
-862
5961
7897
-9279
206
6174
-6408
-9662
1583
4705
-5619
5082
-3736
-5165
-4141
-6359
4118
-2423
-6010
1020
-2434
-842
-5135
9253
-9376
-3353
4996
6606
-9441
-9397
707
-7425
550
-1321
3558
3595
-8531
4602
-6106
-107
2979
-5164
1084
-3524
8539
-5060
-1045
-7616
-403
-3424
1736
284
5086
-7913
1492
9230
-4431
811
-8645
-2918
-7633
9637
3269
-356
7502
7219
2779
-2036
2042
-5535
-7813
-7330
2862
-3883
-4164
-8913
-3066
4010
3787
9980
1690
-5050
1650
-6676
1486
363
-4866
-4327
-2707
4860
7410
-7513
5049
2848
1920
9798
-2892
-2589
-396
-2580
137
7256
1188
-8116
5879
-4587
-1812
-3501
-9436
-5359
4431
-7040
3855
-8728
-6777
-532
6608
1495
5077
884
6785
-7670
-8132
1858
-502
9609
1018
-4428
-917
1833
9926
-7613
7799
-7387
644
6669
-2225
-4220
6540
3205
-6991
-2076
5157
-4810
-3298
-8738
-5467
-4119
3068
-3073
7913
-2743
-9527
-5886
159
-5889
246
767
1007
-4324
4560
7722
9137
-8742
-9666
1703
-4412
676
1142
-1195
-1781
2044
6676
-3514
9549
-7018
-8931
-8918
5347
-9880
8444
-7785
9536
5189
-8124
-9622
-4850
-2002
-7296
-3457
-6190
9759
7104
3908
438
8652
-9040
3146
8571
-3140
1806
-101
8266
-9436
-239
6656
6700
-6975
-6150
7230
118
6495
-6798
502
622
4324
-1579
6239
7163
-7416
4210
7507
6681
6665
-7109
2254
3467
-5227
7342
-209
5735
-5194
-1884
5814
5775
-8446
-7017
-1385
-7858
-8565
-8840
-7448
3396
7708
8356
2644
5919
-4349
3923
-250
7166
747
-7845
3965
4054
-782
-2718
-6866
9690
-7250
-7355
-5580
-5053
1853
-7913
-2512
-2002
9097
-9642
-4225
-9335
7304
9643
-3114
627
-6407
-4833
-121
2804
-4529
6322
-2907
4254
-3561
9179
4988
3637
-924
5826
2921
-5373
2549
-3517
6416
6961
-9938
-6295
-2064
2447
-5740
-6585
-8314
934
-4744
-4734
-3204
-7017
-2981
-5103
7707
9506
-2139
-3157
-5767
87
-626
5907
-9597
981
6789
-3074
56
6228
213
7668
456
-3263
-9056
4400
-4486
-326
7702
5158
-1426
-8817
-3906
-3983
-5264
-3787
5820
-9180
8936
-7561
-4449
-5857
1451
4449
4273
9647
6379
3227
-8095
7415
4804
6099
9954
9309
5579
2867
-5248
-1042
9316
-9466
8357
-2478
168
-5453
5785
3415
8475
5903
6200
-7125
-7535
-2737
-9057
5789
-9477
8626
-4556
-7053
-4760
3637
9928
6352
6154
6779
9311
5426
-8719
-3322
7274
-9091
-316
-6196
5980
-3678
3592
-3107
3530
2869
344
4344
4816
9937
-8659
8747
9633
-5452
7649
-1882
1967
226
-9075
650
4411
7176
6231
9491
8723
-4822
7585
7162
-2558
-6638
-8334
1434
-485
-2447
964
-7355
680
7801
-5176
-8730
211
-9348
-8116
4863
4323
-2501
-2300
1648
4244
3023
7227
-3613
-6857
1601
-2647
1454
3569
5357
-5975
8399
7675
-2975
7464
-9578
-1793
-7642
5197
837
3585
-6260
-7675
9886
-686
7309
986
-6432
-4254
-332
-2172
-1577
5498
6747
3089
-6364
-9634
-5137
-7460
256
7734
1964
5402
2939
918
6395
5935
-9143
-679
-3608
-1501
-4082
6825
871
-9881
-7633
3872
9240
6925
163
2278
9344
-84
4473
-5559
3572
721
5574
4226
-4070
6599
-9240
-2462
-9194
8961
125
6761
-8406
5611
7355
-8722
8938
6392
-1945
-1593
3119
-2645
-2557
-8335
-9875
6322
7472
1643
5586
-9490
-5173
6796
9712
-3329
-6498
-283
-927
9318
-3404
-3587
1482
-7196
-8352
-885
5458
-7418
3055
9521
-675
-5254
6817
-7913
-7940
-9395
-7158
-6631
-1448
-4519
-6704
3691
867
-9698
-1705
-9291
9707
8984
4589
8556
6594
7567
4488
-5634
-6337
2545
4051
8025
-7088
6535
-45
-8767
1469
-4746
-4279
-8941
-4508
-5215
-1885
-7147
3799
9955
5602
8784
-4987
5288
1264
-2868
532
7759
-1950
-3793
3174
5587
-3955
3000
-4767
-7278
6437
9775
2483
4841
-2275
7719
358
-515
6161
6158
5055
3227
-8892
-4185
-7722
5510
-3817
-6490
6194
624
5470
-3246
2382
1125
6960
-1541
4089
585
-7599
2838
2959
4197
-4077
-3140
5514
9804
-9557
-8640
1594
9877
-2315
-3794
-5324
-4416
-9336
-7608
9096
-5312
7725
-2726
7738
5598
5119
-9693
-1151
9583
8847
3141
7180
-5250
-8509
-9200
-7712
5139
8598
-4343
-2104
7998
9941
-1391
5975
-8406
797
729
-8764
-9423
8847
8997
3781
6201
-2689
1990
-2702
6579
-2385
7901
6549
3687
3954
989
276
-1805
6833
-4726
-8797
1215
-6500
5863
-1696
9078
-2061
-3433
-1554
7682
5279
-3296
-9139
2499
-8475
-4930
523
9160
9612
-6901
-1541
-8349
9430
9255
-4058
7091
-6078
-1081
3907
-8902
9672
-9711
428
-577
-8240
2610
-4397
-9259
-4434
-6259
-9533
6615
-595
245
-5325
-2968
7809
-8252
-1016
1530
-9986
3644
603
-611
-3404
5189
-7830
-5605
-8834
-4476
5600
6101
-626
-5242
-4374
-4481
5198
1100
-8455
-3942
-7034
-7239
-2086
3605
-613
-2607
-159
4297
-1009
9183
4979
-9937
392
-5702
2803
5414
-1964
-5418
3935
26
-9455
-7910
-1208
6833
-5091
6865
-2917
-1931
-6078
-8375
-7745
-348
-3864
6478
-1785
6218
-6552
-381
5513
-7848
7455
-4643
1096
-9091
7695
8243
1476
-6231
-8261
-9140
-4319
-9686
7102
8986
-4063
-2518
7617
4059
6228
-800
-9579
2499
-8589
-6289
514
-6860
-3144
1207
964
9348
5128
5118
3964
-8330
-5716
914
3880
-7776
-5053
-195
-9408
-410
6001
-6597
1659
5110
6471
7525
3790
3890
4274
6551
-7780
-3867
-5159
5391
-7942
1281
-4796
-459
6847
-5707
-8576
2930
-6931
-6415
-670
2972
1491
387
-5240
-5498
-2970
4708
-7487
-3906
8417
-3884
4433
8771
1519
7004
-8584
6478
1278
3625
-1367
9652
-2700
654
-3544
-8656
-4665
3905
-4760
-7706
3520
-4507
-192
-6106
-5714
-4002
5886
-7784
9358
-5764
7869
1056
3223
5513
2918
-8858
-6223
6267
-8858
-3403
8661
5775
-2768
7304
-6123
-572
-2448
5528
9714
4980
3114
1287
-204
-9898
-9088
5916
8843
-6692
-478
8426
-8514
1308
-5705
-5939
1084
8067
9308
-6797
-9643
4252
1190
5985
-810
-7376
337
-4977
-5592
-5803
322
-4870
-1372
-8185
9784
-4400
-4560
-7482
-1622
-9538
2645
4572
-5633
7473
5890
-3821
5685
-9381
6614
862
8961
9547
6318
6483
9962
955
4687
-5832
-8459
9823
3392
8090
-4694
-1803
5076
-14
-6221
3224
-8237
-2501
3286
-8589
-4095
-5593
9087
-5970
-8298
-3885
4415
-4277
1302
6848
7867
-1470
8551
8594
3244
-8923
9859
9380
-721
3919
6800
2163
4777
-2664
6233
-7649
-6908
6531
-2913
5908
717
-4086
-6878
7798
-5221
3560
-3459
36
4464
-4238
-4818
-5939
9361
2139
-9232
834
7338
5009
-3485
6713
-240
7476
-9591
8868
-33
-5896
-6270
-9111
5900
2475
-9516
7664
-4382
7680
6022
-2378
297
-4940
-1417
5079
9942
9611
-6795
-5706
5133
-4837
-8537
5961
-6203
-143
4421
536
-5246
-9428
-7227
-3510
4652
4781
452
-96
-2143
8264
5245
1663
2753
6363
3656
3817
-3600
-8598
-7005
729
987
-1218
8218
-8508
-1987
8753
9499
6863
-8587
9057
2599
8721
2014
3466
1815
3161
8704
-6320
-8214
9211
3029
-8508
-8182
-9680
4245
-2237
947
-8767
6285
-7382
-1660
-5803
5624
-8776
3741
-6749
-1221
1035
-494
2417
494
-8706
7931
9640
-8451
4495
4337
1114
-2563
689
9266
5572
-6513
2031
-4332
9414
-2946
-2664
-493
2468
598
-7384
9655
-4718
-374
-2272
3007
-7565
-9087
9804
2576
9326
-7282
3872
3652
-5757
9181
1187
-851
-4092
-8797
-7796
1692
2894
-1047
-7663
-6418
4826
6641
2285
-7059
650
-6755
39
-6191
-6463
8152
6352
-2263
-1667
2824
-4867
4779
5251
9590
-6219
9697
-8360
-7672
-3945
6490
5919
-7217
-3905
5448
-9819
-9529
2312
7503
1302
7069
8581
-6527
-7816
-4930
6552
-433
-3
8011
9638
-5119
-3955
-4222
-5198
9115
-957
-2418
-2082
-2321
-3906
-8943
-4420
-5165
9468
-973
6078
-385
-7059
6224
8037
3468
9212
-5914
9581
8491
-8545
-5377
-7792
53
8364
4317
-4916
9520
-2314
7442
8670
-715
1754
-1028
-2987
-2681
-5616
-6149
4572
981
4221
4903
-395
-8988
-3481
4088
1941
9101
2943
8794
308
5950
-856
-8236
-2588
8702
-3444
-3029
-476
8424
3408
-3464
-1837
-7543
2420
928
-1868
-9885
4893
4590
8654
9582
-7134
5870
-9288
-5364
7993
-3372
-5645
9406
-8235
-5558
4169
-7393
1819
4913
-3280
-6627
9739
5233
4326
-9582
2502
8237
6024
3989
2834
-2529
-338
-2985
-1094
9397
-1177
-3720
-3891
8592
3598
-9326
-4831
-5471
-119
-2913
-7243
4896
-5600
4992
-6908
9930
-4612
7562
8257
2746
-2737
9216
-5428
-3636
8080
4346
9252
5876
9145
7488
-6166
-1397
2546
7041
8590
8513
-9183
7976
-4491
8083
-6840
5566
2255
-5351
-3451
1347
7336
-1004
7933
-1874
-2179
2480
-7592
3863
9309
8244
-4134
8342
2577
-2376
975
1969
-5636
-7100
3867
5058
-367
-2816
4009
450
7551
1804
1770
235
-5841
9719
2560
-7389
-8543
7902
8567
5738
8395
-1098
9535
6801
-7034
3887
-3876
-8146
8636
-5705
3152
6422
-2074
-3781
-6196
8037
913
-2607
-8858
2521
-1440
459
1221
-6111
-2485
-6627
3302
-1657
8047
8333
5562
-5295
9977
9849
-7813
-2346
-7488
8126
-9462
-483
8772
8243
852
-6540
3602
-7531
-1531
-3555
-2480
4807
7525
5695
-1250
7841
-4288
-6800
3225
4924
8180
-5592
-6532
9202
-3811
-7457
-4608
-5524
1473
6024
8049
-2058
5358
8419
5028
-5847
-2689
-323
-1811
6531
5977
2691
3900
6637
8524
3690
-1104
-3627
5867
-968
-942
-8896
-8336
-1002
4288
-6202
8753
8000
2874
-7537
2162
2307
-1796
-7615
2643
-1033
-2671
-4504
9812
8539
4879
4147
1266
4927
-2661
-9649
9025
-2479
-6597
906
-3529
-8754
8107
-5140
-1499
7582
-7510
8583
1458
-3513
8333
1507
6010
8658
-7797
1141
5219
-7689
2414
-5584
5069
-7659
935
-9246
-7676
-5289
2836
-5221
3615
3047
-2681
30
-2373
-7929
-8565
-9283
9324
-4922
-1543
-8594
4965
6027
4749
9437
-563
-204
-4591
4973
-5893
-1402
7127
-1250
-2984
1448
-3640
6760
1498
-6174
5335
-8152
1648
-859
-3795
-587
2583
8555
1277
6940
-3684
2609
-1973
-9133
4700
636
1396
-5396
-1784
-6660
76
-6706
3779
3848
-1759
-1733
-5830
7016
-3172
-3845
9202
-9394
3293
-3629
6175
3502
-7555
3758
128
-4193
628
-4749
4501
995
-8387
1726
5926
485
-3566
2134
-7741
1506
8929
9999
-631
-8527
6155
1682
8782
407
-2890
5559
-543
-3862
9324
7271
3819
6977
-562
8704
9404
845
-993
-5103
-4177
-5628
9625
6178
-4337
-1937
-9903
-4056
2135
-9099
-8497
-1986
-9502
3814
4352
3917
9449
1152
561
-2792
4457
7240
6867
2462
-1379
-4347
-6669
1609
-6410
-7978
8130
5366
6470
3487
7784
-3403
-4260
-6501
8272
3032
6478
-524
9771
-5425
-900
2083
898
-6677
9962
9188
3693
9429
-6892
363
-712
-5967
3456
-831
3253
-4146
-2028
-6227
-4090
9020
-1200
-6500
1419
-9997
-3292
3825
-4528
2232
-3880
3437
8719
-3530
3511
8236
-8700
-1465
-9478
-8446
54
9512
4537
-9386
-9590
8082
2816
-2555
2361
-6878
-3410
-6102
-1930
-4245
6097
-2172
-976
3082
5981
-3098
6746
1112
3654
-7272
-8454
3640
-2322
-6045
-7716
-7968
4325
-883
-5465
-3398
-2191
443
4620
3708
-4611
-9440
4533
972
-1465
-5606
-8950
-2315
4966
8532
5516
9919
982
3521
-6491
-9495
3422
9008
5945
-1154
937
-2468
-3599
-1008
1112
9463
-4358
2338
117
-7896
-2291
-3204
-7819
-363
-329
-1190
858
-1985
-6501
-4971
-3003
6283
-2247
-9145
-8015
442
8263
2448
1708
-3574
-5242
6822
-4419
4953
1090
-3623
-5753
891
-5992
7204
-3827
-7915
4227
4820
-5864
-5919
488
-1219
9542
3900
-487
1672
-3845
-7774
-8237
237
-7011
5144
4108
-4178
-2094
1330
3360
3648
6012
-7245
7674
7617
8585
6272
-173
-2766
3498
-8334
2383
1478
2858
-6655
1954
1283
-1769
3265
8317
5159
5660
416
-1006
6172
-1118
-9411
-6561
6065
-2895
-961
9748
-8312
-1182
3019
-39
-1679
7163
-9480
-5033
92
-6315
-5595
4177
-7654
-2411
-9836
1492
9225
6081
-4981
8996
-2049
4603
3095
-3552
-6983
3467
8935
-1118
2873
5884
-5641
5927
4069
-3634
4606
9631
-5391
1197
5306
-3584
5392
7756
392
40
-5390
-6388
-5176
8683
-6711
-8716
599
4581
-5230
-6858
-6034
2637
3091
-7375
9625
8396
-1056
-7015
-23
5731
2039
1951
-2931
3987
2926
7914
-6352
-9808
8366
-8675
-1022
6220
2077
-5901
6756
-543
-2870
-7858
6889
5359
-2073
4834
6346
930
6734
-2557
-4831
-2222
-8124
-2932
1947
553
3650
-7980
1654
1955
-3255
-9163
5935
-4100
225
-7777
-2294
-9703
2689
6377
7444
-1098
4995
5625
3060
-8651
2070
4573
8938
-3191
2293
546
-7249
8932
1008
-6874
1293
4080
9119
-9898
-3170
6208
9635
7733
7543
1010
4232
9489
2276
6185
2405
-9770
-4113
4526
6618
-1985
3448
-4192
2442
9365
-3947
1783
-9968
920
7020
-6589
-1291
-9313
-8764
-4743
2117
3648
9010
9290
-6192
-4222
-8295
9730
-6616
8195
-248
-1528
134
-7951
6717
4027
2290
-5235
-8497
3629
-1940
3007
-9991
7916
320
-7023
640
-4567
2851
5972
7345
-1495
8438
1642
-6089
3102
-2258
6316
-8212
2874
1762
2691
-5726
-3612
-134
-8673
-2716
9708
-1632
6149
-7312
7455
2913
8725
-4776
688
-5731
2617
-6816
-2608
-4877
6652
-8012
-5098
-1408
-2713
5237
-277
3016
9067
7126
234
6900
-7536
-8754
-9924
9255
1867
1681
1255
-9387
2706
102
1799
-6017
3577
342
1743
-8742
4107
-6714
524
-692
-7402
-3812
3074
-1179
-4814
824
-9017
3134
2772
-6149
3522
5166
1156
-2348
-1284
-187
-9012
433
2905
5993
4680
-6661
2786
-8883
-546
1228
4961
8315
-2417
-9301
-3805
9940
9415
2072
8893
-6121
7225
-3145
-7161
-9899
-7959
1222
-953
-4322
9936
1984
8826
5302
9155
4177
4274
863
-8331
-7795
-7793
8421
849
4425
8684
7481
-626
-7113
-422
-3490
5361
-2834
-6090
-2053
-1630
6913
-9462
-6998
2588
5742
3132
9719
-5198
-3587
-5893
-3090
-6574
-8702
-3978
-944
-5766
3108
3748
3060
-2446
-9362
-9108
3342
9985
-9083
9650
-5193
-6321
-2601
-6439
-77
-360
5331
-3431
1272
2279
-8574
-2673
-1880
4511
9683
-8242
-6128
-8027
5463
8189
-86
-3315
-2619
1380
-3319
-4746
1464
-9577
1585
-6143
1880
-4728
4338
2855
7594
3701
-9374
3788
-7558
-2134
-4309
7587
-9827
-4388
866
-362
-7337
3163
-7695
-9875
-9808
-3468
254
-6428
-1075
2805
-5003
334
-5151
6695
-35
3223
392
-2156
2013
-7817
1790
-5195
-3884
-6422
1455
-5607
-8146
-3490
-4727
-5790
-6972
-4342
-2565
8158
-6504
4649
2373
7253
306
5351
-555
-6016
-8823
-8687
5707
-775
-5804
-9442
9440
5135
5614
-7227
-7528
8729
6173
-2705
4567
2176
-7273
-1394
9157
6937
9107
5014
-6731
9764
-1311
-7718
-4297
-3829
7350
2108
-8083
-2287
-5769
-465
-2243
-5705
-3061
6675
3719
-9368
7789
-6734
4419
7308
1530
3506
5184
-4466
2522
-9345
6541
-5663
-7470
6076
-4896
-9376
2332
6810
7202
-8542
8101
-8728
-9687
-2853
-6039
5894
4546
-5794
-3346
-8399
-1200
-2269
-5725
6847
-3278
-8302
-9175
5506
-4738
-8347
7118
-6012
-7417
-8148
-7985
750
5081
964
-6064
-5766
-708
3712
670
9230
-6662
-5426
2511
-6024
-2334
99
3090
-9972
8167
-2365
-240
-8372
9966
322
-5589
1871
-4010
-7362
8355
-481
7586
-6476
2163
2666
-1255
14
-6266
-6803
2920
-9148
-5346
7011
1818
7153
9023
5442
6394
-1310
-4448
3865
9012
3280
-9402
41
-9690
8707
1799
9284
7581
-6678
6219
-6712
-8666
1837
2723
-5916
9317
-6775
-8846
2345
3896
-2448
5729
7676
-3686
7024
-412
-1957
-9516
-8232
-3347
6150
-8975
5189
1124
-7180
-7748
3844
4144
4424
1579
3582
8901
-6303
-3345
-5400
2447
6793
-64
334
3029
-7371
-7933
-8590
-4344
2625
3511
1778
1835
-6707
646
7805
-1389
-9839
-7961
741
-2528
-5647
-5732
-4211
-1567
2108
6313
5426
-9352
-2998
2548
1201
9148
-1075
6413
4475
-7536
6344
-9908
-2819
5161
2956
-3715
-7118
4802
-4582
-8013
1877
-330
-2458
-2711
6118
4302
8833
-5736
-5303
-3983
-6226
-7025
5477
6438
-6536
-9500
-9445
-1631
-4109
182
3015
9555
-6570
-8985
-7666
5180
3414
9204
-2194
986
-7521
-3190
-1104
7708
8037
-2388
9743
3219
1164
1379
6483
-9832
-4171
-9327
-188
-9357
1459
3062
-8314
-9030
9555
4529
-7574
5033
116
-3751
1890
6558
-8111
-3260
3448
3005
-8618
-3790
-1073
5659
-2471
5978
-1733
-8636
-3536
9874
-85
-9254
-462
-8693
-5015
8150
-8056
885
1211
-1345
-6057
5890
7106
421
-4148
-7367
-2684
-7445
-9960
-7655
-1424
-2567
9428
1372
-9720
-5733
4568
-7762
4294
8097
4037
-8283
6141
-6161
-1195
-8706
8031
5500
-3550
-5600
-2216
7247
-9156
-4451
-6698
8117
-6611
-980
8512
61
-4566
-2081
-9730
-1138
1006
6339
-9487
-2111
-2618
-9829
6354
-4347
1895
-9692
2755
-5941
7510
3550
9795
-3383
7034
9164
8343
-3474
386
3158
9759
-1417
2903
-6570
3211
-7731
-5506
-8382
-6623
-3610
-7184
8096
8996
9355
65
4553
-3336
-1859
2142
6383
-7732
1167
-9852
-410
8392
-5081
1758
8386
5430
-7360
-1568
2867
6135
-72
6958
-5142
-6649
6587
-3791
-1170
-399
5401
8240
-9612
-1572
-7554
-2763
-41
9141
7966
-6224
2831
2337
1327
2628
-1819
5105
-2614
-1604
1609
9456
-6945
6824
5626
-7978
-8616
-1465
8009
2051
-4722
-4912
6748
-3979
-5371
7049
9427
9853
8157
4037
-770
-7727
-6088
7157
1298
-3539
9038
5449
-6376
6567
-9289
6072
-4766
6690
-6210
9422
-8542
-9257
6797
-9120
-3200
-8742
4658
2687
-7666
1559
-1181
-1872
4975
-9335
5421
3286
-3279
-2775
-9944
4332
5605
6268
-6958
-7862
2163
2590
-5615
913
-3865
-4184
2781
-6780
-2682
7285
1683
6897
-6322
-3556
-8306
2958
8551
2916
5459
-6134
6329
-7311
1002
-5043
-2026
-9515
9502
1327
5049
6618
-6262
3202
2834
-8564
9022
2591
-5933
7158
2299
718
-3134
-1369
-6615
2454
-4967
3439
-6173
232
-6999
5994
1347
7614
-938
-9407
1164
592
5387
-8268
2359
-4085
4939
6247
308
9812
2618
-3454
3002
-9383
1159
9735
-7788
-2288
-2606
1875
-954
1333
-6708
4520
-427
-6441
2251
-4779
-6980
-4833
-3897
31
-6611
-1951
6284
5226
8248
6098
839
-6798
-4994
1475
5525
7836
-2161
8391
3289
302
7908
7096
-5523
7199
3212
-5440
-6793
-9190
7649
629
-743
1921
-7660
-6827
6158
4268
2172
8310
-1964
2378
3524
9575
-3833
8556
7393
4849
-5460
-8906
-8076
-2228
-3691
1759
-8976
7301
5770
4207
1411
-5903
-7374
-7622
-5664
3114
5915
-2063
-3066
-2699
-478
-5987
-1546
6401
-961
5140
6690
9652
-7111
7353
-2532
-269
2561
-2630
2451
-3199
-711
-2915
8881
8227
1942
-5038
-3981
2932
-2264
6137
9903
6810
-4953
6346
7991
1776
-4614
5166
7605
-9472
331
6909
9303
-4424
8580
5514
-329
5582
6715
1115
2264
3728
3006
-1551
3007
2921
-8605
-4799
6400
-4883
7512
-8966
1673
-9336
2101
-3131
3441
-9871
-8916
-3252
-1563
7108
-7944
-6001
2150
-9570
-5956
2443
3879
-6474
783
-7582
2415
-2218
-5432
4292
940
3196
3088
7970
-1581
-5181
-8766
1390
2260
-7645
-6745
-2610
1073
-649
-4667
8558
-2596
-7580
-7980
368
1196
-2910
-8094
8563
5787
-1975
7429
-2956
-6066
-8137
-2436
-1018
77
-4639
-4827
4974
3280
-4586
5634
-6154
-7077
7154
2709
-6814
5654
8749
-3437
8775
-5518
-3728
5953
-8940
2981
6162
-6911
9235
2418
-872
-1330
1439
-7972
-6527
8151
897
-2694
-1153
-7556
4013
-3935
-2281
-9714
-3298
-4304
-8499
-4506
-7222
-6140
-8175
-5111
-1208
586
1992
5526
236
-6198
7497
6091
-132
-1870
9455
-5116
8290
3606
4121
-297
-3875
6035
-5582
-4667
-2398
-5226
403
-4162
-4037
-6054
308
2575
8036
322
-7395
-8873
-9569
8720
-3062
-6194
-1159
-5545
-1383
8708
-666
606
3581
3356
-9427
7110
-8259
5401
-6100
-5718
3890
5223
8833
2932
-6356
-4166
-2013
-6095
5804
-8746
-8432
-6654
-3044
5089
489
2956
5365
2390
-4194
3014
4950
-7318
8119
-2512
7254
2971
-8043
-4249
4119
-7331
-4360
229
-5128
-5569
201
-1339
7297
742
-1408
6347
-5144
6962
5546
-1224
-6836
9601
6963
3689
-4769
2800
3270
-2691
-7372
7029
-2591
-4735
9886
6800
5092
-9604
-4855
-930
-2547
1010
-7500
2526
-6013
2106
-3741
-8457
-4761
9640
4242
617
6511
-4786
6727
-8002
-1771
-7746
6638
-2138
5659
7509
5960
-565
8401
9702
-5842
504
8504
2351
-3235
4341
-9256
-9150
6957
-9369
4567
-3373
6179
2786
5205
-6494
3257
3354
-1895
7767
-6476
-3812
-9764
-8654
-5446
2007
2769
-6075
-8666
-7644
2622
484
-2918
7089
-1302
6800
2680
-3574
-1994
1933
-5140
4958
-1679
7795
-6878
-6757
-1326
-2603
-1738
6875
2854
-1464
5272
-4461
8354
-6239
-5382
4797
9420
9560
3144
4320
-6352
1620
-6076
-8256
6423
8672
8444
3883
-432
-6724
-771
-9793
1296
-708
6916
5713
-7984
1358
-7134
-7218
-4319
-9474
569
2706
1822
9098
5010
-6286
-5483
4570
-9870
4695
421
124
-5755
6805
-3938
-181
5375
-1377
1713
